[ 24 556 561 ] - [ 89400 89401 89402 ]
[ 24 556 561 ] - [ 89400 89402 89403 ]
[ 428 57374 ] - [ 89971 89972 89973 ]
[ 499 51933 ] - [ 90060 90061 90063 ]
[ 575 6226 7559 ] - [ 90152 90153 90155 ]
[ 641 54432 ] - [ 90236 90239 90240 ]
[ 981 8664 ] - [ 90521 90523 90524 ]
[ 1252 1761 ] - [ 90812 90813 90814 ]
[ 1665 ] - [ 91222 91223 91224 91225 ]
[ 1866 5130 58261 ] - [ 91444 91445 91446 ]
[ 1876 53164 81461 ] - [ 91461 91462 91463 91464 ]
[ 1867 4937 ] - [ 91449 91450 91451 ]
[ 2054 3990 ] - [ 91635 91636 91637 ]
[ 2330 2368 ] - [ 91886 91887 91888 ]
[ 2776 13749 ] - [ 92177 92178 92179 ]
[ 2911 62497 ] - [ 92302 92303 92304 ]
[ 2909 19386 48830 ] - [ 92299 92300 92301 ]
[ 2983 35355 83534 ] - [ 92368 92369 92370 ]
[ 2983 35355 89283 ] - [ 92368 92369 92370 ]
[ 3326 12299 ] - [ 92644 92645 92646 ]
[ 3506 3507 ] - [ 92808 92812 92813 ]
[ 3999 64673 ] - [ 93211 93212 93213 ]
[ 4041 79505 ] - [ 93257 93258 93259 ]
[ 4331 4332 ] - [ 93521 93523 93524 ]
[ 4331 4332 ] - [ 93522 93523 93524 ]
[ 4573 39044 85171 ] - [ 93699 93700 93701 93702 93703 ]
[ 4639 64374 ] - [ 93750 93752 93753 93754 93755 93756 93757 93758 93759 93760 ]
[ 4639 64374 ] - [ 93750 93752 93754 93755 93756 93757 93758 93759 93760 93762 ]
[ 4639 64374 ] - [ 93750 93752 93754 93755 93756 93757 93758 93759 93760 93763 ]
[ 4639 64374 ] - [ 93750 93752 93754 93755 93756 93757 93758 93759 93760 93764 ]
[ 4639 64374 ] - [ 93750 93752 93754 93755 93756 93757 93758 93759 93762 93763 ]
[ 4639 64374 ] - [ 93750 93752 93754 93755 93756 93757 93758 93759 93762 93764 ]
[ 4639 64374 ] - [ 93750 93752 93754 93755 93756 93757 93758 93759 93763 93764 ]
[ 4639 64374 ] - [ 93750 93752 93754 93755 93756 93757 93758 93760 93762 93763 ]
[ 4639 64374 ] - [ 93750 93752 93754 93755 93756 93757 93758 93760 93762 93764 ]
[ 4639 64374 ] - [ 93750 93752 93754 93755 93756 93757 93758 93760 93763 93764 ]
[ 4639 64374 ] - [ 93750 93752 93754 93755 93756 93757 93758 93762 93763 93764 ]
[ 4639 64374 ] - [ 93750 93752 93754 93755 93756 93757 93759 93760 93762 93763 ]
[ 4639 64374 ] - [ 93750 93752 93754 93755 93756 93757 93759 93760 93762 93764 ]
[ 4639 64374 ] - [ 93750 93752 93754 93755 93756 93757 93759 93760 93763 93764 ]
[ 4639 64374 ] - [ 93750 93752 93754 93755 93756 93757 93759 93762 93763 93764 ]
[ 4639 64374 ] - [ 93750 93752 93754 93755 93756 93757 93760 93762 93763 93764 ]
[ 4639 64374 ] - [ 93750 93752 93754 93755 93756 93758 93759 93760 93762 93763 ]
[ 4639 64374 ] - [ 93750 93752 93754 93755 93756 93758 93759 93760 93762 93764 ]
[ 4639 64374 ] - [ 93750 93752 93754 93755 93756 93758 93759 93760 93763 93764 ]
[ 4639 64374 ] - [ 93750 93752 93754 93755 93756 93758 93759 93762 93763 93764 ]
[ 4639 64374 ] - [ 93750 93752 93754 93755 93756 93758 93760 93762 93763 93764 ]
[ 4639 64374 ] - [ 93750 93752 93754 93755 93756 93759 93760 93762 93763 93764 ]
[ 4639 64374 ] - [ 93750 93752 93754 93755 93757 93758 93759 93760 93762 93763 ]
[ 4639 64374 ] - [ 93750 93752 93754 93755 93757 93758 93759 93760 93762 93764 ]
[ 4639 64374 ] - [ 93750 93752 93754 93755 93757 93758 93759 93760 93763 93764 ]
[ 4639 64374 ] - [ 93750 93752 93754 93755 93757 93758 93759 93762 93763 93764 ]
[ 4639 64374 ] - [ 93750 93752 93754 93755 93757 93758 93760 93762 93763 93764 ]
[ 4639 64374 ] - [ 93750 93752 93754 93755 93757 93759 93760 93762 93763 93764 ]
[ 4639 64374 ] - [ 93750 93752 93754 93755 93758 93759 93760 93762 93763 93764 ]
[ 4639 64374 ] - [ 93750 93752 93754 93756 93757 93758 93759 93760 93762 93763 ]
[ 4639 64374 ] - [ 93750 93752 93754 93756 93757 93758 93759 93760 93762 93764 ]
[ 4639 64374 ] - [ 93750 93752 93754 93756 93757 93758 93759 93760 93763 93764 ]
[ 4639 64374 ] - [ 93750 93752 93754 93756 93757 93758 93759 93762 93763 93764 ]
[ 4639 64374 ] - [ 93750 93752 93754 93756 93757 93758 93760 93762 93763 93764 ]
[ 4639 64374 ] - [ 93750 93752 93754 93756 93757 93759 93760 93762 93763 93764 ]
[ 4639 64374 ] - [ 93750 93752 93754 93756 93758 93759 93760 93762 93763 93764 ]
[ 4639 64374 ] - [ 93750 93752 93754 93757 93758 93759 93760 93762 93763 93764 ]
[ 4639 64374 ] - [ 93750 93752 93755 93756 93757 93758 93759 93760 93762 93763 ]
[ 4639 64374 ] - [ 93750 93752 93755 93756 93757 93758 93759 93760 93762 93764 ]
[ 4639 64374 ] - [ 93750 93752 93755 93756 93757 93758 93759 93760 93763 93764 ]
[ 4639 64374 ] - [ 93750 93752 93755 93756 93757 93758 93759 93762 93763 93764 ]
[ 4639 64374 ] - [ 93750 93752 93755 93756 93757 93758 93760 93762 93763 93764 ]
[ 4639 64374 ] - [ 93750 93752 93755 93756 93757 93759 93760 93762 93763 93764 ]
[ 4639 64374 ] - [ 93750 93752 93755 93756 93758 93759 93760 93762 93763 93764 ]
[ 4639 64374 ] - [ 93750 93752 93755 93757 93758 93759 93760 93762 93763 93764 ]
[ 4639 64374 ] - [ 93750 93752 93756 93757 93758 93759 93760 93762 93763 93764 ]
[ 4639 64374 ] - [ 93750 93754 93755 93756 93757 93758 93759 93760 93762 93763 ]
[ 4639 64374 ] - [ 93750 93754 93755 93756 93757 93758 93759 93760 93762 93764 ]
[ 4639 64374 ] - [ 93750 93754 93755 93756 93757 93758 93759 93760 93763 93764 ]
[ 4639 64374 ] - [ 93750 93754 93755 93756 93757 93758 93759 93762 93763 93764 ]
[ 4639 64374 ] - [ 93750 93754 93755 93756 93757 93758 93760 93762 93763 93764 ]
[ 4639 64374 ] - [ 93750 93754 93755 93756 93757 93759 93760 93762 93763 93764 ]
[ 4639 64374 ] - [ 93750 93754 93755 93756 93758 93759 93760 93762 93763 93764 ]
[ 4639 64374 ] - [ 93750 93754 93755 93757 93758 93759 93760 93762 93763 93764 ]
[ 4639 64374 ] - [ 93750 93754 93756 93757 93758 93759 93760 93762 93763 93764 ]
[ 4639 64374 ] - [ 93750 93755 93756 93757 93758 93759 93760 93762 93763 93764 ]
[ 4639 64374 ] - [ 93752 93754 93755 93756 93757 93758 93759 93760 93762 93763 ]
[ 4639 64374 ] - [ 93752 93754 93755 93756 93757 93758 93759 93760 93762 93764 ]
[ 4639 64374 ] - [ 93752 93754 93755 93756 93757 93758 93759 93760 93763 93764 ]
[ 4639 64374 ] - [ 93752 93754 93755 93756 93757 93758 93759 93762 93763 93764 ]
[ 4639 64374 ] - [ 93752 93754 93755 93756 93757 93758 93760 93762 93763 93764 ]
[ 4639 64374 ] - [ 93752 93754 93755 93756 93757 93759 93760 93762 93763 93764 ]
[ 4639 64374 ] - [ 93752 93754 93755 93756 93758 93759 93760 93762 93763 93764 ]
[ 4639 64374 ] - [ 93752 93754 93755 93757 93758 93759 93760 93762 93763 93764 ]
[ 4639 64374 ] - [ 93752 93754 93756 93757 93758 93759 93760 93762 93763 93764 ]
[ 4639 64374 ] - [ 93752 93755 93756 93757 93758 93759 93760 93762 93763 93764 ]
[ 4639 64374 ] - [ 93754 93755 93756 93757 93758 93759 93760 93762 93763 93764 ]
[ 4639 ] - [ 93761 93762 93763 93764 ]
[ 5007 49573 ] - [ 94053 94054 94055 ]
[ 5035 17772 ] - [ 91529 94074 94075 ]
[ 5501 24886 ] - [ 94407 94408 94409 ]
[ 5501 48090 ] - [ 94407 94408 94409 ]
[ 5646 ] - [ 91909 94527 94531 ]
[ 5646 84100 ] - [ 94526 94527 94528 94531 ]
[ 5680 73919 ] - [ 94555 94556 94557 94558 ]
[ 5688 20027 ] - [ 90279 92172 94563 ]
[ 6003 ] - [ 93536 94809 94811 94812 ]
[ 6038 15773 15783 ] - [ 94846 94847 94848 94849 ]
[ 6038 15782 15783 ] - [ 94846 94847 94848 94849 ]
[ 6080 36872 61649 ] - [ 94879 94880 94881 ]
[ 6226 15202 ] - [ 90152 90153 90155 ]
[ 6285 6286 ] - [ 92097 94655 94985 94988 ]
[ 6285 ] - [ 94985 94988 95036 95037 ]
[ 6334 21488 ] - [ 95081 95084 95085 95086 95087 ]
[ 6334 21488 ] - [ 95082 95083 95084 95088 ]
[ 6334 21488 ] - [ 95082 95084 95085 95086 95087 95088 ]
[ 6459 62709 82779 ] - [ 95172 95173 95174 ]
[ 6396 8813 15525 ] - [ 92048 92050 92051 ]
[ 6493 23340 ] - [ 95191 95192 95193 ]
[ 6496 ] - [ 95194 95195 95197 ]
[ 6496 ] - [ 95195 95196 95197 ]
[ 6566 31706 54405 ] - [ 95253 95254 95255 ]
[ 6678 39956 40210 ] - [ 95321 95323 95324 ]
[ 6948 16916 ] - [ 95522 95523 95524 ]
[ 7341 54358 ] - [ 95827 95828 95829 ]
[ 7560 38052 ] - [ 95997 95998 95999 ]
[ 7601 67749 84491 ] - [ 95183 96035 96036 ]
[ 7759 8759 ] - [ 96138 96139 96140 ]
[ 8221 33455 77652 ] - [ 96437 96438 96439 ]
[ 8255 15873 ] - [ 96472 96473 96474 ]
[ 8303 40270 ] - [ 96513 96514 96516 ]
[ 8755 ] - [ 92674 96843 96845 96846 96847 ]
[ 8755 ] - [ 96845 96846 96847 96848 ]
[ 8850 61771 73114 ] - [ 90941 96916 96917 ]
[ 9129 49055 ] - [ 97041 97042 97043 ]
[ 9680 9814 ] - [ 97331 97333 97335 ]
[ 9680 9814 ] - [ 97333 97334 97335 ]
[ 10459 44829 ] - [ 97823 97824 97825 ]
[ 10637 27916 41953 ] - [ 97939 97940 97941 ]
[ 10637 27916 41953 ] - [ 97939 97940 97943 ]
[ 10742 12545 ] - [ 97992 97993 97994 ]
[ 10742 21803 ] - [ 97992 97993 97994 ]
[ 10789 38351 84965 ] - [ 98024 98025 98026 ]
[ 10894 18680 ] - [ 98074 98075 98076 98077 98079 98080 98081 ]
[ 11056 78895 ] - [ 98205 98206 98207 ]
[ 11172 63640 80670 ] - [ 98283 98284 98285 ]
[ 11371 24474 32725 ] - [ 98416 98417 98418 ]
[ 11122 61756 ] - [ 92485 92486 92487 ]
[ 12101 12114 ] - [ 98893 98894 98895 98896 ]
[ 12365 29990 ] - [ 97300 99077 99078 ]
[ 12473 12795 13771 ] - [ 98458 99140 99141 ]
[ 12537 45544 ] - [ 99181 99182 99183 ]
[ 12543 23625 ] - [ 99188 99189 99190 ]
[ 12722 12723 ] - [ 99297 99298 99299 ]
[ 12722 62079 ] - [ 99297 99298 99299 ]
[ 12912 17390 ] - [ 99426 99427 99428 ]
[ 12980 27730 28031 ] - [ 99480 99481 99482 ]
[ 13125 24450 ] - [ 99553 99554 99555 ]
[ 13243 18925 ] - [ 99602 99603 99604 ]
[ 13712 13715 41806 ] - [ 99858 99859 99860 ]
[ 13854 13855 47881 ] - [ 99195 99197 99960 ]
[ 14091 16756 ] - [ 100091 100097 100098 ]
[ 14507 ] - [ 96540 100320 100321 ]
[ 14507 74734 ] - [ 100318 100319 100321 ]
[ 15073 36108 60259 ] - [ 93709 95831 95832 98908 ]
[ 15152 37776 ] - [ 100708 100709 100710 ]
[ 15152 49594 ] - [ 100708 100709 100710 ]
[ 15152 60437 ] - [ 100708 100709 100710 ]
[ 15263 51232 ] - [ 100788 100789 100790 ]
[ 15343 77554 ] - [ 100856 100857 100858 100859 ]
[ 15397 87032 ] - [ 99075 100896 100897 100898 ]
[ 15397 87032 ] - [ 100895 100896 100897 100898 ]
[ 15720 ] - [ 101111 101112 101113 ]
[ 15777 27635 30267 ] - [ 101140 101141 101142 ]
[ 15892 69330 ] - [ 101226 101227 101228 ]
[ 15738 67825 68465 ] - [ 94719 94720 94721 ]
[ 16451 58585 ] - [ 101543 101544 101545 ]
[ 16451 82230 ] - [ 101543 101544 101545 ]
[ 16453 31821 33392 ] - [ 101546 101547 101548 ]
[ 16523 ] - [ 101594 101595 101596 ]
[ 16570 31167 ] - [ 97164 101623 101624 ]
[ 16570 74615 ] - [ 97164 101623 101624 ]
[ 16798 49902 ] - [ 101755 101756 101757 ]
[ 16828 ] - [ 97409 101778 101779 ]
[ 16854 80337 ] - [ 101788 101791 101792 ]
[ 16994 37577 ] - [ 101886 101887 101888 ]
[ 17041 43202 ] - [ 101922 101923 101924 ]
[ 17196 30049 80624 ] - [ 101991 101992 101993 ]
[ 17279 49573 ] - [ 94054 102027 102028 ]
[ 17359 68363 72691 ] - [ 102083 102084 102085 ]
[ 17377 21454 23420 ] - [ 102088 102089 102090 102091 102092 102093 102094 ]
[ 17527 50341 ] - [ 102176 102177 102178 ]
[ 17640 19804 ] - [ 102245 102246 102247 ]
[ 17790 18036 35754 ] - [ 102342 102344 102345 102346 ]
[ 17857 19919 83434 ] - [ 102390 102391 102392 ]
[ 17865 ] - [ 102394 102395 102396 ]
[ 17907 85962 ] - [ 102426 102427 102428 ]
[ 18036 35754 69311 ] - [ 102342 102344 102345 102346 ]
[ 18059 77101 ] - [ 102520 102521 102522 102523 ]
[ 18240 42283 ] - [ 102607 102608 102609 ]
[ 18777 18778 ] - [ 102846 102847 102848 102849 ]
[ 18811 71081 ] - [ 102859 102860 102861 ]
[ 18950 47806 ] - [ 102939 102940 102941 ]
[ 18978 66074 86091 ] - [ 102957 102958 102959 ]
[ 19117 62246 ] - [ 103036 103037 103038 ]
[ 19387 19389 19412 ] - [ 103158 103159 103160 103182 ]
[ 19388 ] - [ 101648 103183 103184 ]
[ 19389 19412 40088 ] - [ 103158 103159 103160 103182 ]
[ 19573 42475 ] - [ 103255 103256 103257 ]
[ 19832 ] - [ 103418 103419 103420 ]
[ 20050 80940 ] - [ 103525 103526 103527 ]
[ 20056 33577 58534 ] - [ 103531 103532 103533 ]
[ 20290 27222 ] - [ 103655 103656 103657 103658 ]
[ 20433 56389 ] - [ 96719 103755 103756 ]
[ 20769 60225 ] - [ 103937 103938 103939 ]
[ 20770 60225 ] - [ 103937 103940 103941 ]
[ 21047 ] - [ 92319 104112 104113 ]
[ 21136 ] - [ 104155 104156 104157 ]
[ 21200 ] - [ 104217 104218 104219 104220 104221 ]
[ 21205 85173 ] - [ 104227 104228 104229 ]
[ 21349 22269 ] - [ 104297 104298 104299 104300 104301 104302 104303 ]
[ 21405 79706 ] - [ 104331 104332 104333 ]
[ 21574 23092 ] - [ 102906 102907 103253 ]
[ 21810 56194 ] - [ 104540 104541 104542 ]
[ 22015 ] - [ 104627 104628 104629 104630 ]
[ 22292 73621 ] - [ 103787 104792 104793 ]
[ 22326 22327 ] - [ 104821 104822 104823 104824 104825 ]
[ 22678 65513 ] - [ 105004 105005 105006 105007 ]
[ 22706 58258 ] - [ 105020 105021 105022 ]
[ 22898 64153 ] - [ 105138 105139 105140 ]
[ 23104 45070 ] - [ 105242 105243 105244 105245 ]
[ 23366 58244 ] - [ 105359 105360 105361 ]
[ 23595 55391 ] - [ 105468 105469 105470 ]
[ 23652 44357 80282 ] - [ 105502 105503 105504 ]
[ 23652 80258 80282 ] - [ 105502 105503 105504 ]
[ 23701 26752 ] - [ 105537 105538 105539 105540 ]
[ 23819 41028 ] - [ 105593 105594 105595 ]
[ 24101 24102 ] - [ 105739 105740 105741 ]
[ 24146 83211 ] - [ 105768 105769 105770 105771 105772 ]
[ 24383 29707 ] - [ 105902 105903 105904 ]
[ 24383 80853 ] - [ 105902 105903 105904 ]
[ 24434 37294 ] - [ 105935 105936 105937 ]
[ 24552 37634 79070 ] - [ 94781 106000 106001 ]
[ 24552 37634 82891 ] - [ 94781 106000 106001 ]
[ 24576 37650 ] - [ 106009 106010 106011 106012 106013 106014 ]
[ 24576 66567 ] - [ 106009 106010 106011 106012 106013 106014 ]
[ 24613 75733 ] - [ 106029 106030 106031 ]
[ 24651 ] - [ 106048 106049 106050 ]
[ 24776 28658 39701 ] - [ 93628 99912 101920 106109 ]
[ 24857 38878 ] - [ 106153 106154 106155 ]
[ 24922 ] - [ 106183 106184 106185 106186 ]
[ 25584 85236 ] - [ 106550 106551 106552 ]
[ 25656 25710 25711 ] - [ 106581 106582 106583 ]
[ 25656 25711 30467 ] - [ 106581 106582 106583 ]
[ 25668 43588 ] - [ 106591 106592 106593 ]
[ 25874 41629 ] - [ 106701 106702 106703 ]
[ 26241 53891 ] - [ 106903 106904 106905 ]
[ 26766 41090 ] - [ 107171 107172 107173 ]
[ 26916 42380 ] - [ 97950 107246 107247 ]
[ 26916 42380 ] - [ 107246 107247 107248 107249 ]
[ 27226 86479 ] - [ 107402 107403 107404 ]
[ 27390 81113 ] - [ 107485 107488 107489 ]
[ 27505 56520 ] - [ 107561 107562 107563 ]
[ 27639 44357 55548 ] - [ 105502 107632 107633 ]
[ 27639 55548 80258 ] - [ 105502 107632 107633 ]
[ 27703 79545 ] - [ 107663 107664 107665 ]
[ 28427 41295 ] - [ 108052 108053 108054 ]
[ 28485 46326 ] - [ 108087 108088 108089 ]
[ 29082 66326 ] - [ 103615 108431 108432 108433 108435 108436 ]
[ 29082 66326 ] - [ 108431 108432 108433 108434 108436 ]
[ 29442 30417 32716 ] - [ 108656 108657 108658 108659 108660 ]
[ 29472 29474 ] - [ 108674 108675 108676 ]
[ 29483 31859 ] - [ 108683 108684 108685 108686 ]
[ 29697 29994 36175 ] - [ 108784 108785 108786 ]
[ 29716 43085 46120 ] - [ 101785 108799 108800 108801 ]
[ 29841 36786 ] - [ 108859 108860 108861 ]
[ 29929 ] - [ 108899 108900 108901 ]
[ 30075 ] - [ 108963 108964 108965 ]
[ 30276 31675 ] - [ 109077 109078 109079 ]
[ 30276 36155 ] - [ 109077 109078 109079 ]
[ 30497 50709 ] - [ 109207 109208 109209 ]
[ 30700 31892 ] - [ 109320 109321 109322 ]
[ 31146 42597 ] - [ 105389 109588 109589 ]
[ 31153 31161 ] - [ 104066 107829 109591 ]
[ 31411 53657 ] - [ 109728 109729 109730 ]
[ 31818 73895 ] - [ 109907 109908 109909 ]
[ 31818 79864 ] - [ 109907 109908 109909 ]
[ 31860 43959 ] - [ 109933 109934 109935 ]
[ 31880 ] - [ 109950 109951 109952 ]
[ 33184 57611 ] - [ 92691 110656 110657 ]
[ 33271 ] - [ 110702 110703 110704 ]
[ 33379 33381 ] - [ 109764 110773 110774 ]
[ 33523 43813 ] - [ 110846 110847 110848 ]
[ 33761 41819 42954 ] - [ 110966 110968 110970 ]
[ 34004 52097 ] - [ 111090 111091 111093 ]
[ 34287 39681 ] - [ 111236 111237 111238 ]
[ 34401 37012 ] - [ 111289 111290 111291 ]
[ 35217 ] - [ 111670 111671 111672 111673 ]
[ 35127 56787 ] - [ 108036 108037 108038 ]
[ 36154 80752 ] - [ 112130 112131 112132 112133 ]
[ 36552 ] - [ 112333 112334 112335 ]
[ 36750 36751 ] - [ 102482 112432 112433 ]
[ 37055 64550 ] - [ 100132 100133 100134 ]
[ 37346 ] - [ 112681 112682 112683 ]
[ 37476 44636 ] - [ 112750 112751 112752 112753 ]
[ 37497 37500 ] - [ 112761 112762 112763 ]
[ 37516 68795 ] - [ 112775 112776 112777 ]
[ 38751 ] - [ 99828 113355 113356 ]
[ 39067 39068 ] - [ 113501 113502 113503 113504 ]
[ 39105 49836 63077 ] - [ 113522 113523 113524 ]
[ 39430 39431 ] - [ 113668 113669 113670 ]
[ 39521 70410 ] - [ 91380 91383 91384 ]
[ 40007 40008 ] - [ 113915 113916 113917 ]
[ 40427 40429 ] - [ 114094 114095 114096 ]
[ 40534 49788 ] - [ 114143 114144 114145 ]
[ 41534 51159 ] - [ 114571 114572 114573 ]
[ 41844 ] - [ 111736 114704 114705 ]
[ 42296 85772 ] - [ 114900 114901 114902 ]
[ 42338 83000 ] - [ 114920 114921 114922 ]
[ 42362 74570 ] - [ 114927 114928 114929 ]
[ 45003 45004 ] - [ 116107 116108 116109 ]
[ 45673 74274 ] - [ 116432 116433 116434 ]
[ 45673 78100 ] - [ 116432 116433 116434 ]
[ 45897 48592 ] - [ 116526 116527 116528 ]
[ 45897 61223 ] - [ 116526 116527 116528 ]
[ 46539 66469 ] - [ 115389 116846 116847 ]
[ 46894 86352 ] - [ 116948 117019 117020 ]
[ 46949 71589 81356 ] - [ 117038 117039 117040 ]
[ 47350 83252 83279 ] - [ 117230 117231 117232 ]
[ 48631 53516 ] - [ 117818 117819 117820 ]
[ 48860 87490 ] - [ 95009 110582 117912 117913 ]
[ 49310 ] - [ 118100 118101 118102 ]
[ 49951 81384 ] - [ 118400 118401 118402 ]
[ 49961 ] - [ 93979 118408 118409 ]
[ 50158 77086 ] - [ 118513 118514 118515 ]
[ 50422 50596 ] - [ 118640 118641 118642 ]
[ 50710 72680 ] - [ 98948 118801 118802 ]
[ 50864 69052 ] - [ 118878 118879 118880 ]
[ 50864 72791 ] - [ 118878 118879 118880 ]
[ 51006 51020 51026 ] - [ 93686 93687 93688 ]
[ 51912 52345 ] - [ 119361 119362 119363 ]
[ 52169 67728 ] - [ 119519 119520 119521 ]
[ 53453 56259 ] - [ 117014 120188 120189 ]
[ 53629 67499 ] - [ 120277 120278 120279 ]
[ 53880 85314 ] - [ 120372 120373 120374 ]
[ 54538 54701 ] - [ 120667 120668 120669 ]
[ 54682 81693 ] - [ 120739 120740 120741 ]
[ 54777 82952 ] - [ 120790 120791 120792 ]
[ 54992 66353 ] - [ 120920 120921 120922 ]
[ 55141 81771 ] - [ 121000 121001 121002 ]
[ 55880 56008 ] - [ 121431 121432 121433 121435 ]
[ 56059 66420 ] - [ 121531 121532 121533 ]
[ 56032 58959 ] - [ 121506 121507 121508 ]
[ 56197 56899 ] - [ 121603 121604 121605 ]
[ 56317 ] - [ 113873 121677 121679 ]
[ 56317 ] - [ 121677 121678 121679 ]
[ 56469 ] - [ 121744 121745 121746 ]
[ 56998 70454 ] - [ 121969 121970 121971 ]
[ 57127 66398 ] - [ 111811 119793 122042 ]
[ 57462 84359 ] - [ 122198 122199 122200 ]
[ 57470 ] - [ 122206 122207 122208 ]
[ 57435 66899 ] - [ 100513 122185 122186 ]
[ 58257 74997 ] - [ 122653 122654 122655 ]
[ 58848 75130 ] - [ 91386 122905 122906 ]
[ 58845 72831 ] - [ 122901 122902 122903 ]
[ 59117 60945 ] - [ 118007 123055 123056 123057 123058 ]
[ 59586 ] - [ 123308 123309 123310 123311 ]
[ 59583 73683 ] - [ 117997 123306 123307 ]
[ 59820 87829 ] - [ 95855 123399 123400 123401 ]
[ 60359 66857 ] - [ 123681 123683 123684 123685 ]
[ 60359 66857 ] - [ 123682 123683 123684 123685 ]
[ 60496 81610 ] - [ 123758 123759 123760 ]
[ 60564 62707 ] - [ 98146 108199 123779 ]
[ 60844 61106 ] - [ 123943 123944 123945 ]
[ 60978 62431 ] - [ 124028 124029 124030 ]
[ 61049 ] - [ 100997 123946 124071 124072 ]
[ 61144 61632 67269 ] - [ 113970 113971 124121 ]
[ 61144 65851 67269 ] - [ 113970 113971 124121 ]
[ 61316 ] - [ 124216 124217 124218 124219 124220 ]
[ 61512 70229 ] - [ 119365 119366 124319 ]
[ 61848 80077 ] - [ 124484 124485 124486 ]
[ 61947 80561 ] - [ 121249 124546 124547 ]
[ 62535 81106 ] - [ 124780 124781 124782 ]
[ 62917 63929 81692 ] - [ 99097 124966 124967 ]
[ 63120 63134 ] - [ 92897 125052 125053 ]
[ 63301 76513 ] - [ 125130 125131 125132 ]
[ 63598 ] - [ 99983 125246 125247 ]
[ 63578 63579 ] - [ 115597 125235 125236 125237 ]
[ 64079 68205 ] - [ 125471 125472 125473 ]
[ 65538 ] - [ 120229 126018 126019 126020 ]
[ 65620 72482 ] - [ 126041 126042 126043 ]
[ 66448 69404 ] - [ 126431 126432 126433 ]
[ 66783 66803 66804 ] - [ 126636 126637 126638 ]
[ 67620 74654 ] - [ 127036 127037 127038 ]
[ 67620 81419 ] - [ 127036 127037 127038 ]
[ 67618 74734 ] - [ 100318 100319 127035 ]
[ 67672 67706 ] - [ 127061 127062 127063 ]
[ 67993 68834 ] - [ 105448 127175 127176 ]
[ 68122 ] - [ 105322 127235 127236 ]
[ 68327 ] - [ 127322 127323 127324 ]
[ 68514 73372 ] - [ 127316 127397 127398 ]
[ 69175 76374 ] - [ 121909 123500 123501 ]
[ 69175 76374 ] - [ 123500 123501 127652 ]
[ 69843 72999 ] - [ 128022 128023 128024 128025 ]
[ 70127 ] - [ 119356 128141 128142 ]
[ 70589 70599 ] - [ 121362 128387 128388 ]
[ 71166 82172 ] - [ 119386 128635 128636 ]
[ 71288 80764 ] - [ 128683 128684 128685 ]
[ 72339 84740 ] - [ 102283 129073 129074 129075 ]
[ 73675 75065 ] - [ 129544 129545 129546 ]
[ 74019 84727 ] - [ 129708 129709 129710 ]
[ 73977 88736 ] - [ 129695 129696 129697 ]
[ 74131 83965 ] - [ 129179 129180 129757 ]
[ 74847 88654 ] - [ 109899 130021 130022 ]
[ 75687 75701 ] - [ 103301 130345 130346 ]
[ 75822 78323 ] - [ 126497 130409 130410 130411 ]
[ 75822 78323 ] - [ 130408 130409 130410 130411 ]
[ 77393 ] - [ 124274 131013 131014 ]
[ 77721 81686 ] - [ 131136 131137 131138 ]
[ 78038 83310 ] - [ 131251 131252 131253 ]
[ 79250 79358 79397 ] - [ 107566 117660 131665 ]
[ 79856 ] - [ 131879 131881 131882 ]
[ 79856 83114 ] - [ 131880 131881 131882 ]
[ 80023 80024 ] - [ 126936 131969 131970 ]
[ 80219 83870 ] - [ 131597 132054 132055 ]
[ 81030 86207 ] - [ 114958 120537 132329 ]
[ 82147 ] - [ 132720 132721 132722 ]
[ 83147 86616 ] - [ 133105 133106 133107 ]
[ 84700 87254 ] - [ 133767 133768 133769 ]
[ 84958 86129 ] - [ 123382 133843 133844 133845 ]
[ 85731 87130 ] - [ 134140 134141 134142 ]
[ 85952 ] - [ 114043 133334 134252 ]
[ 88165 88173 ] - [ 135067 135068 135069 ]
[ 89190 89323 ] - [ 104121 135499 135500 ]
