[ 1665 ] - [ 91222 91223 91224 91225 ]
[ 1876 53164 81461 ] - [ 91461 91462 91463 91464 ]
[ 4573 39044 85171 ] - [ 93699 93700 93701 93702 93703 ]
[ 4639 64374 ] - [ 93750 93752 93753 93754 93755 ]
[ 4639 64374 ] - [ 93750 93752 93753 93754 93756 ]
[ 4639 64374 ] - [ 93750 93752 93753 93754 93757 ]
[ 4639 64374 ] - [ 93750 93752 93753 93754 93758 ]
[ 4639 64374 ] - [ 93750 93752 93753 93754 93759 ]
[ 4639 64374 ] - [ 93750 93752 93753 93754 93760 ]
[ 4639 64374 ] - [ 93750 93752 93753 93755 93756 ]
[ 4639 64374 ] - [ 93750 93752 93753 93755 93757 ]
[ 4639 64374 ] - [ 93750 93752 93753 93755 93758 ]
[ 4639 64374 ] - [ 93750 93752 93753 93755 93759 ]
[ 4639 64374 ] - [ 93750 93752 93753 93755 93760 ]
[ 4639 64374 ] - [ 93750 93752 93753 93756 93757 ]
[ 4639 64374 ] - [ 93750 93752 93753 93756 93758 ]
[ 4639 64374 ] - [ 93750 93752 93753 93756 93759 ]
[ 4639 64374 ] - [ 93750 93752 93753 93756 93760 ]
[ 4639 64374 ] - [ 93750 93752 93753 93757 93758 ]
[ 4639 64374 ] - [ 93750 93752 93753 93757 93759 ]
[ 4639 64374 ] - [ 93750 93752 93753 93757 93760 ]
[ 4639 64374 ] - [ 93750 93752 93753 93758 93759 ]
[ 4639 64374 ] - [ 93750 93752 93753 93758 93760 ]
[ 4639 64374 ] - [ 93750 93752 93753 93759 93760 ]
[ 4639 64374 ] - [ 93750 93752 93754 93755 93756 ]
[ 4639 64374 ] - [ 93750 93752 93754 93755 93757 ]
[ 4639 64374 ] - [ 93750 93752 93754 93755 93758 ]
[ 4639 64374 ] - [ 93750 93752 93754 93755 93759 ]
[ 4639 64374 ] - [ 93750 93752 93754 93755 93760 ]
[ 4639 64374 ] - [ 93750 93752 93754 93755 93762 ]
[ 4639 64374 ] - [ 93750 93752 93754 93755 93763 ]
[ 4639 64374 ] - [ 93750 93752 93754 93755 93764 ]
[ 4639 64374 ] - [ 93750 93752 93754 93756 93757 ]
[ 4639 64374 ] - [ 93750 93752 93754 93756 93758 ]
[ 4639 64374 ] - [ 93750 93752 93754 93756 93759 ]
[ 4639 64374 ] - [ 93750 93752 93754 93756 93760 ]
[ 4639 64374 ] - [ 93750 93752 93754 93756 93762 ]
[ 4639 64374 ] - [ 93750 93752 93754 93756 93763 ]
[ 4639 64374 ] - [ 93750 93752 93754 93756 93764 ]
[ 4639 64374 ] - [ 93750 93752 93754 93757 93758 ]
[ 4639 64374 ] - [ 93750 93752 93754 93757 93759 ]
[ 4639 64374 ] - [ 93750 93752 93754 93757 93760 ]
[ 4639 64374 ] - [ 93750 93752 93754 93757 93762 ]
[ 4639 64374 ] - [ 93750 93752 93754 93757 93763 ]
[ 4639 64374 ] - [ 93750 93752 93754 93757 93764 ]
[ 4639 64374 ] - [ 93750 93752 93754 93758 93759 ]
[ 4639 64374 ] - [ 93750 93752 93754 93758 93760 ]
[ 4639 64374 ] - [ 93750 93752 93754 93758 93762 ]
[ 4639 64374 ] - [ 93750 93752 93754 93758 93763 ]
[ 4639 64374 ] - [ 93750 93752 93754 93758 93764 ]
[ 4639 64374 ] - [ 93750 93752 93754 93759 93760 ]
[ 4639 64374 ] - [ 93750 93752 93754 93759 93762 ]
[ 4639 64374 ] - [ 93750 93752 93754 93759 93763 ]
[ 4639 64374 ] - [ 93750 93752 93754 93759 93764 ]
[ 4639 64374 ] - [ 93750 93752 93754 93760 93762 ]
[ 4639 64374 ] - [ 93750 93752 93754 93760 93763 ]
[ 4639 64374 ] - [ 93750 93752 93754 93760 93764 ]
[ 4639 64374 ] - [ 93750 93752 93754 93762 93763 ]
[ 4639 64374 ] - [ 93750 93752 93754 93762 93764 ]
[ 4639 64374 ] - [ 93750 93752 93754 93763 93764 ]
[ 4639 64374 ] - [ 93750 93752 93755 93756 93757 ]
[ 4639 64374 ] - [ 93750 93752 93755 93756 93758 ]
[ 4639 64374 ] - [ 93750 93752 93755 93756 93759 ]
[ 4639 64374 ] - [ 93750 93752 93755 93756 93760 ]
[ 4639 64374 ] - [ 93750 93752 93755 93756 93762 ]
[ 4639 64374 ] - [ 93750 93752 93755 93756 93763 ]
[ 4639 64374 ] - [ 93750 93752 93755 93756 93764 ]
[ 4639 64374 ] - [ 93750 93752 93755 93757 93758 ]
[ 4639 64374 ] - [ 93750 93752 93755 93757 93759 ]
[ 4639 64374 ] - [ 93750 93752 93755 93757 93760 ]
[ 4639 64374 ] - [ 93750 93752 93755 93757 93762 ]
[ 4639 64374 ] - [ 93750 93752 93755 93757 93763 ]
[ 4639 64374 ] - [ 93750 93752 93755 93757 93764 ]
[ 4639 64374 ] - [ 93750 93752 93755 93758 93759 ]
[ 4639 64374 ] - [ 93750 93752 93755 93758 93760 ]
[ 4639 64374 ] - [ 93750 93752 93755 93758 93762 ]
[ 4639 64374 ] - [ 93750 93752 93755 93758 93763 ]
[ 4639 64374 ] - [ 93750 93752 93755 93758 93764 ]
[ 4639 64374 ] - [ 93750 93752 93755 93759 93760 ]
[ 4639 64374 ] - [ 93750 93752 93755 93759 93762 ]
[ 4639 64374 ] - [ 93750 93752 93755 93759 93763 ]
[ 4639 64374 ] - [ 93750 93752 93755 93759 93764 ]
[ 4639 64374 ] - [ 93750 93752 93755 93760 93762 ]
[ 4639 64374 ] - [ 93750 93752 93755 93760 93763 ]
[ 4639 64374 ] - [ 93750 93752 93755 93760 93764 ]
[ 4639 64374 ] - [ 93750 93752 93755 93762 93763 ]
[ 4639 64374 ] - [ 93750 93752 93755 93762 93764 ]
[ 4639 64374 ] - [ 93750 93752 93755 93763 93764 ]
[ 4639 64374 ] - [ 93750 93752 93756 93757 93758 ]
[ 4639 64374 ] - [ 93750 93752 93756 93757 93759 ]
[ 4639 64374 ] - [ 93750 93752 93756 93757 93760 ]
[ 4639 64374 ] - [ 93750 93752 93756 93757 93762 ]
[ 4639 64374 ] - [ 93750 93752 93756 93757 93763 ]
[ 4639 64374 ] - [ 93750 93752 93756 93757 93764 ]
[ 4639 64374 ] - [ 93750 93752 93756 93758 93759 ]
[ 4639 64374 ] - [ 93750 93752 93756 93758 93760 ]
[ 4639 64374 ] - [ 93750 93752 93756 93758 93762 ]
[ 4639 64374 ] - [ 93750 93752 93756 93758 93763 ]
[ 4639 64374 ] - [ 93750 93752 93756 93758 93764 ]
[ 4639 64374 ] - [ 93750 93752 93756 93759 93760 ]
[ 4639 64374 ] - [ 93750 93752 93756 93759 93762 ]
[ 4639 64374 ] - [ 93750 93752 93756 93759 93763 ]
[ 4639 64374 ] - [ 93750 93752 93756 93759 93764 ]
[ 4639 64374 ] - [ 93750 93752 93756 93760 93762 ]
[ 4639 64374 ] - [ 93750 93752 93756 93760 93763 ]
[ 4639 64374 ] - [ 93750 93752 93756 93760 93764 ]
[ 4639 64374 ] - [ 93750 93752 93756 93762 93763 ]
[ 4639 64374 ] - [ 93750 93752 93756 93762 93764 ]
[ 4639 64374 ] - [ 93750 93752 93756 93763 93764 ]
[ 4639 64374 ] - [ 93750 93752 93757 93758 93759 ]
[ 4639 64374 ] - [ 93750 93752 93757 93758 93760 ]
[ 4639 64374 ] - [ 93750 93752 93757 93758 93762 ]
[ 4639 64374 ] - [ 93750 93752 93757 93758 93763 ]
[ 4639 64374 ] - [ 93750 93752 93757 93758 93764 ]
[ 4639 64374 ] - [ 93750 93752 93757 93759 93760 ]
[ 4639 64374 ] - [ 93750 93752 93757 93759 93762 ]
[ 4639 64374 ] - [ 93750 93752 93757 93759 93763 ]
[ 4639 64374 ] - [ 93750 93752 93757 93759 93764 ]
[ 4639 64374 ] - [ 93750 93752 93757 93760 93762 ]
[ 4639 64374 ] - [ 93750 93752 93757 93760 93763 ]
[ 4639 64374 ] - [ 93750 93752 93757 93760 93764 ]
[ 4639 64374 ] - [ 93750 93752 93757 93762 93763 ]
[ 4639 64374 ] - [ 93750 93752 93757 93762 93764 ]
[ 4639 64374 ] - [ 93750 93752 93757 93763 93764 ]
[ 4639 64374 ] - [ 93750 93752 93758 93759 93760 ]
[ 4639 64374 ] - [ 93750 93752 93758 93759 93762 ]
[ 4639 64374 ] - [ 93750 93752 93758 93759 93763 ]
[ 4639 64374 ] - [ 93750 93752 93758 93759 93764 ]
[ 4639 64374 ] - [ 93750 93752 93758 93760 93762 ]
[ 4639 64374 ] - [ 93750 93752 93758 93760 93763 ]
[ 4639 64374 ] - [ 93750 93752 93758 93760 93764 ]
[ 4639 64374 ] - [ 93750 93752 93758 93762 93763 ]
[ 4639 64374 ] - [ 93750 93752 93758 93762 93764 ]
[ 4639 64374 ] - [ 93750 93752 93758 93763 93764 ]
[ 4639 64374 ] - [ 93750 93752 93759 93760 93762 ]
[ 4639 64374 ] - [ 93750 93752 93759 93760 93763 ]
[ 4639 64374 ] - [ 93750 93752 93759 93760 93764 ]
[ 4639 64374 ] - [ 93750 93752 93759 93762 93763 ]
[ 4639 64374 ] - [ 93750 93752 93759 93762 93764 ]
[ 4639 64374 ] - [ 93750 93752 93759 93763 93764 ]
[ 4639 64374 ] - [ 93750 93752 93760 93762 93763 ]
[ 4639 64374 ] - [ 93750 93752 93760 93762 93764 ]
[ 4639 64374 ] - [ 93750 93752 93760 93763 93764 ]
[ 4639 64374 ] - [ 93750 93752 93762 93763 93764 ]
[ 4639 64374 ] - [ 93750 93753 93754 93755 93756 ]
[ 4639 64374 ] - [ 93750 93753 93754 93755 93757 ]
[ 4639 64374 ] - [ 93750 93753 93754 93755 93758 ]
[ 4639 64374 ] - [ 93750 93753 93754 93755 93759 ]
[ 4639 64374 ] - [ 93750 93753 93754 93755 93760 ]
[ 4639 64374 ] - [ 93750 93753 93754 93756 93757 ]
[ 4639 64374 ] - [ 93750 93753 93754 93756 93758 ]
[ 4639 64374 ] - [ 93750 93753 93754 93756 93759 ]
[ 4639 64374 ] - [ 93750 93753 93754 93756 93760 ]
[ 4639 64374 ] - [ 93750 93753 93754 93757 93758 ]
[ 4639 64374 ] - [ 93750 93753 93754 93757 93759 ]
[ 4639 64374 ] - [ 93750 93753 93754 93757 93760 ]
[ 4639 64374 ] - [ 93750 93753 93754 93758 93759 ]
[ 4639 64374 ] - [ 93750 93753 93754 93758 93760 ]
[ 4639 64374 ] - [ 93750 93753 93754 93759 93760 ]
[ 4639 64374 ] - [ 93750 93753 93755 93756 93757 ]
[ 4639 64374 ] - [ 93750 93753 93755 93756 93758 ]
[ 4639 64374 ] - [ 93750 93753 93755 93756 93759 ]
[ 4639 64374 ] - [ 93750 93753 93755 93756 93760 ]
[ 4639 64374 ] - [ 93750 93753 93755 93757 93758 ]
[ 4639 64374 ] - [ 93750 93753 93755 93757 93759 ]
[ 4639 64374 ] - [ 93750 93753 93755 93757 93760 ]
[ 4639 64374 ] - [ 93750 93753 93755 93758 93759 ]
[ 4639 64374 ] - [ 93750 93753 93755 93758 93760 ]
[ 4639 64374 ] - [ 93750 93753 93755 93759 93760 ]
[ 4639 64374 ] - [ 93750 93753 93756 93757 93758 ]
[ 4639 64374 ] - [ 93750 93753 93756 93757 93759 ]
[ 4639 64374 ] - [ 93750 93753 93756 93757 93760 ]
[ 4639 64374 ] - [ 93750 93753 93756 93758 93759 ]
[ 4639 64374 ] - [ 93750 93753 93756 93758 93760 ]
[ 4639 64374 ] - [ 93750 93753 93756 93759 93760 ]
[ 4639 64374 ] - [ 93750 93753 93757 93758 93759 ]
[ 4639 64374 ] - [ 93750 93753 93757 93758 93760 ]
[ 4639 64374 ] - [ 93750 93753 93757 93759 93760 ]
[ 4639 64374 ] - [ 93750 93753 93758 93759 93760 ]
[ 4639 64374 ] - [ 93750 93754 93755 93756 93757 ]
[ 4639 64374 ] - [ 93750 93754 93755 93756 93758 ]
[ 4639 64374 ] - [ 93750 93754 93755 93756 93759 ]
[ 4639 64374 ] - [ 93750 93754 93755 93756 93760 ]
[ 4639 64374 ] - [ 93750 93754 93755 93756 93762 ]
[ 4639 64374 ] - [ 93750 93754 93755 93756 93763 ]
[ 4639 64374 ] - [ 93750 93754 93755 93756 93764 ]
[ 4639 64374 ] - [ 93750 93754 93755 93757 93758 ]
[ 4639 64374 ] - [ 93750 93754 93755 93757 93759 ]
[ 4639 64374 ] - [ 93750 93754 93755 93757 93760 ]
[ 4639 64374 ] - [ 93750 93754 93755 93757 93762 ]
[ 4639 64374 ] - [ 93750 93754 93755 93757 93763 ]
[ 4639 64374 ] - [ 93750 93754 93755 93757 93764 ]
[ 4639 64374 ] - [ 93750 93754 93755 93758 93759 ]
[ 4639 64374 ] - [ 93750 93754 93755 93758 93760 ]
[ 4639 64374 ] - [ 93750 93754 93755 93758 93762 ]
[ 4639 64374 ] - [ 93750 93754 93755 93758 93763 ]
[ 4639 64374 ] - [ 93750 93754 93755 93758 93764 ]
[ 4639 64374 ] - [ 93750 93754 93755 93759 93760 ]
[ 4639 64374 ] - [ 93750 93754 93755 93759 93762 ]
[ 4639 64374 ] - [ 93750 93754 93755 93759 93763 ]
[ 4639 64374 ] - [ 93750 93754 93755 93759 93764 ]
[ 4639 64374 ] - [ 93750 93754 93755 93760 93762 ]
[ 4639 64374 ] - [ 93750 93754 93755 93760 93763 ]
[ 4639 64374 ] - [ 93750 93754 93755 93760 93764 ]
[ 4639 64374 ] - [ 93750 93754 93755 93762 93763 ]
[ 4639 64374 ] - [ 93750 93754 93755 93762 93764 ]
[ 4639 64374 ] - [ 93750 93754 93755 93763 93764 ]
[ 4639 64374 ] - [ 93750 93754 93756 93757 93758 ]
[ 4639 64374 ] - [ 93750 93754 93756 93757 93759 ]
[ 4639 64374 ] - [ 93750 93754 93756 93757 93760 ]
[ 4639 64374 ] - [ 93750 93754 93756 93757 93762 ]
[ 4639 64374 ] - [ 93750 93754 93756 93757 93763 ]
[ 4639 64374 ] - [ 93750 93754 93756 93757 93764 ]
[ 4639 64374 ] - [ 93750 93754 93756 93758 93759 ]
[ 4639 64374 ] - [ 93750 93754 93756 93758 93760 ]
[ 4639 64374 ] - [ 93750 93754 93756 93758 93762 ]
[ 4639 64374 ] - [ 93750 93754 93756 93758 93763 ]
[ 4639 64374 ] - [ 93750 93754 93756 93758 93764 ]
[ 4639 64374 ] - [ 93750 93754 93756 93759 93760 ]
[ 4639 64374 ] - [ 93750 93754 93756 93759 93762 ]
[ 4639 64374 ] - [ 93750 93754 93756 93759 93763 ]
[ 4639 64374 ] - [ 93750 93754 93756 93759 93764 ]
[ 4639 64374 ] - [ 93750 93754 93756 93760 93762 ]
[ 4639 64374 ] - [ 93750 93754 93756 93760 93763 ]
[ 4639 64374 ] - [ 93750 93754 93756 93760 93764 ]
[ 4639 64374 ] - [ 93750 93754 93756 93762 93763 ]
[ 4639 64374 ] - [ 93750 93754 93756 93762 93764 ]
[ 4639 64374 ] - [ 93750 93754 93756 93763 93764 ]
[ 4639 64374 ] - [ 93750 93754 93757 93758 93759 ]
[ 4639 64374 ] - [ 93750 93754 93757 93758 93760 ]
[ 4639 64374 ] - [ 93750 93754 93757 93758 93762 ]
[ 4639 64374 ] - [ 93750 93754 93757 93758 93763 ]
[ 4639 64374 ] - [ 93750 93754 93757 93758 93764 ]
[ 4639 64374 ] - [ 93750 93754 93757 93759 93760 ]
[ 4639 64374 ] - [ 93750 93754 93757 93759 93762 ]
[ 4639 64374 ] - [ 93750 93754 93757 93759 93763 ]
[ 4639 64374 ] - [ 93750 93754 93757 93759 93764 ]
[ 4639 64374 ] - [ 93750 93754 93757 93760 93762 ]
[ 4639 64374 ] - [ 93750 93754 93757 93760 93763 ]
[ 4639 64374 ] - [ 93750 93754 93757 93760 93764 ]
[ 4639 64374 ] - [ 93750 93754 93757 93762 93763 ]
[ 4639 64374 ] - [ 93750 93754 93757 93762 93764 ]
[ 4639 64374 ] - [ 93750 93754 93757 93763 93764 ]
[ 4639 64374 ] - [ 93750 93754 93758 93759 93760 ]
[ 4639 64374 ] - [ 93750 93754 93758 93759 93762 ]
[ 4639 64374 ] - [ 93750 93754 93758 93759 93763 ]
[ 4639 64374 ] - [ 93750 93754 93758 93759 93764 ]
[ 4639 64374 ] - [ 93750 93754 93758 93760 93762 ]
[ 4639 64374 ] - [ 93750 93754 93758 93760 93763 ]
[ 4639 64374 ] - [ 93750 93754 93758 93760 93764 ]
[ 4639 64374 ] - [ 93750 93754 93758 93762 93763 ]
[ 4639 64374 ] - [ 93750 93754 93758 93762 93764 ]
[ 4639 64374 ] - [ 93750 93754 93758 93763 93764 ]
[ 4639 64374 ] - [ 93750 93754 93759 93760 93762 ]
[ 4639 64374 ] - [ 93750 93754 93759 93760 93763 ]
[ 4639 64374 ] - [ 93750 93754 93759 93760 93764 ]
[ 4639 64374 ] - [ 93750 93754 93759 93762 93763 ]
[ 4639 64374 ] - [ 93750 93754 93759 93762 93764 ]
[ 4639 64374 ] - [ 93750 93754 93759 93763 93764 ]
[ 4639 64374 ] - [ 93750 93754 93760 93762 93763 ]
[ 4639 64374 ] - [ 93750 93754 93760 93762 93764 ]
[ 4639 64374 ] - [ 93750 93754 93760 93763 93764 ]
[ 4639 64374 ] - [ 93750 93754 93762 93763 93764 ]
[ 4639 64374 ] - [ 93750 93755 93756 93757 93758 ]
[ 4639 64374 ] - [ 93750 93755 93756 93757 93759 ]
[ 4639 64374 ] - [ 93750 93755 93756 93757 93760 ]
[ 4639 64374 ] - [ 93750 93755 93756 93757 93762 ]
[ 4639 64374 ] - [ 93750 93755 93756 93757 93763 ]
[ 4639 64374 ] - [ 93750 93755 93756 93757 93764 ]
[ 4639 64374 ] - [ 93750 93755 93756 93758 93759 ]
[ 4639 64374 ] - [ 93750 93755 93756 93758 93760 ]
[ 4639 64374 ] - [ 93750 93755 93756 93758 93762 ]
[ 4639 64374 ] - [ 93750 93755 93756 93758 93763 ]
[ 4639 64374 ] - [ 93750 93755 93756 93758 93764 ]
[ 4639 64374 ] - [ 93750 93755 93756 93759 93760 ]
[ 4639 64374 ] - [ 93750 93755 93756 93759 93762 ]
[ 4639 64374 ] - [ 93750 93755 93756 93759 93763 ]
[ 4639 64374 ] - [ 93750 93755 93756 93759 93764 ]
[ 4639 64374 ] - [ 93750 93755 93756 93760 93762 ]
[ 4639 64374 ] - [ 93750 93755 93756 93760 93763 ]
[ 4639 64374 ] - [ 93750 93755 93756 93760 93764 ]
[ 4639 64374 ] - [ 93750 93755 93756 93762 93763 ]
[ 4639 64374 ] - [ 93750 93755 93756 93762 93764 ]
[ 4639 64374 ] - [ 93750 93755 93756 93763 93764 ]
[ 4639 64374 ] - [ 93750 93755 93757 93758 93759 ]
[ 4639 64374 ] - [ 93750 93755 93757 93758 93760 ]
[ 4639 64374 ] - [ 93750 93755 93757 93758 93762 ]
[ 4639 64374 ] - [ 93750 93755 93757 93758 93763 ]
[ 4639 64374 ] - [ 93750 93755 93757 93758 93764 ]
[ 4639 64374 ] - [ 93750 93755 93757 93759 93760 ]
[ 4639 64374 ] - [ 93750 93755 93757 93759 93762 ]
[ 4639 64374 ] - [ 93750 93755 93757 93759 93763 ]
[ 4639 64374 ] - [ 93750 93755 93757 93759 93764 ]
[ 4639 64374 ] - [ 93750 93755 93757 93760 93762 ]
[ 4639 64374 ] - [ 93750 93755 93757 93760 93763 ]
[ 4639 64374 ] - [ 93750 93755 93757 93760 93764 ]
[ 4639 64374 ] - [ 93750 93755 93757 93762 93763 ]
[ 4639 64374 ] - [ 93750 93755 93757 93762 93764 ]
[ 4639 64374 ] - [ 93750 93755 93757 93763 93764 ]
[ 4639 64374 ] - [ 93750 93755 93758 93759 93760 ]
[ 4639 64374 ] - [ 93750 93755 93758 93759 93762 ]
[ 4639 64374 ] - [ 93750 93755 93758 93759 93763 ]
[ 4639 64374 ] - [ 93750 93755 93758 93759 93764 ]
[ 4639 64374 ] - [ 93750 93755 93758 93760 93762 ]
[ 4639 64374 ] - [ 93750 93755 93758 93760 93763 ]
[ 4639 64374 ] - [ 93750 93755 93758 93760 93764 ]
[ 4639 64374 ] - [ 93750 93755 93758 93762 93763 ]
[ 4639 64374 ] - [ 93750 93755 93758 93762 93764 ]
[ 4639 64374 ] - [ 93750 93755 93758 93763 93764 ]
[ 4639 64374 ] - [ 93750 93755 93759 93760 93762 ]
[ 4639 64374 ] - [ 93750 93755 93759 93760 93763 ]
[ 4639 64374 ] - [ 93750 93755 93759 93760 93764 ]
[ 4639 64374 ] - [ 93750 93755 93759 93762 93763 ]
[ 4639 64374 ] - [ 93750 93755 93759 93762 93764 ]
[ 4639 64374 ] - [ 93750 93755 93759 93763 93764 ]
[ 4639 64374 ] - [ 93750 93755 93760 93762 93763 ]
[ 4639 64374 ] - [ 93750 93755 93760 93762 93764 ]
[ 4639 64374 ] - [ 93750 93755 93760 93763 93764 ]
[ 4639 64374 ] - [ 93750 93755 93762 93763 93764 ]
[ 4639 64374 ] - [ 93750 93756 93757 93758 93759 ]
[ 4639 64374 ] - [ 93750 93756 93757 93758 93760 ]
[ 4639 64374 ] - [ 93750 93756 93757 93758 93762 ]
[ 4639 64374 ] - [ 93750 93756 93757 93758 93763 ]
[ 4639 64374 ] - [ 93750 93756 93757 93758 93764 ]
[ 4639 64374 ] - [ 93750 93756 93757 93759 93760 ]
[ 4639 64374 ] - [ 93750 93756 93757 93759 93762 ]
[ 4639 64374 ] - [ 93750 93756 93757 93759 93763 ]
[ 4639 64374 ] - [ 93750 93756 93757 93759 93764 ]
[ 4639 64374 ] - [ 93750 93756 93757 93760 93762 ]
[ 4639 64374 ] - [ 93750 93756 93757 93760 93763 ]
[ 4639 64374 ] - [ 93750 93756 93757 93760 93764 ]
[ 4639 64374 ] - [ 93750 93756 93757 93762 93763 ]
[ 4639 64374 ] - [ 93750 93756 93757 93762 93764 ]
[ 4639 64374 ] - [ 93750 93756 93757 93763 93764 ]
[ 4639 64374 ] - [ 93750 93756 93758 93759 93760 ]
[ 4639 64374 ] - [ 93750 93756 93758 93759 93762 ]
[ 4639 64374 ] - [ 93750 93756 93758 93759 93763 ]
[ 4639 64374 ] - [ 93750 93756 93758 93759 93764 ]
[ 4639 64374 ] - [ 93750 93756 93758 93760 93762 ]
[ 4639 64374 ] - [ 93750 93756 93758 93760 93763 ]
[ 4639 64374 ] - [ 93750 93756 93758 93760 93764 ]
[ 4639 64374 ] - [ 93750 93756 93758 93762 93763 ]
[ 4639 64374 ] - [ 93750 93756 93758 93762 93764 ]
[ 4639 64374 ] - [ 93750 93756 93758 93763 93764 ]
[ 4639 64374 ] - [ 93750 93756 93759 93760 93762 ]
[ 4639 64374 ] - [ 93750 93756 93759 93760 93763 ]
[ 4639 64374 ] - [ 93750 93756 93759 93760 93764 ]
[ 4639 64374 ] - [ 93750 93756 93759 93762 93763 ]
[ 4639 64374 ] - [ 93750 93756 93759 93762 93764 ]
[ 4639 64374 ] - [ 93750 93756 93759 93763 93764 ]
[ 4639 64374 ] - [ 93750 93756 93760 93762 93763 ]
[ 4639 64374 ] - [ 93750 93756 93760 93762 93764 ]
[ 4639 64374 ] - [ 93750 93756 93760 93763 93764 ]
[ 4639 64374 ] - [ 93750 93756 93762 93763 93764 ]
[ 4639 64374 ] - [ 93750 93757 93758 93759 93760 ]
[ 4639 64374 ] - [ 93750 93757 93758 93759 93762 ]
[ 4639 64374 ] - [ 93750 93757 93758 93759 93763 ]
[ 4639 64374 ] - [ 93750 93757 93758 93759 93764 ]
[ 4639 64374 ] - [ 93750 93757 93758 93760 93762 ]
[ 4639 64374 ] - [ 93750 93757 93758 93760 93763 ]
[ 4639 64374 ] - [ 93750 93757 93758 93760 93764 ]
[ 4639 64374 ] - [ 93750 93757 93758 93762 93763 ]
[ 4639 64374 ] - [ 93750 93757 93758 93762 93764 ]
[ 4639 64374 ] - [ 93750 93757 93758 93763 93764 ]
[ 4639 64374 ] - [ 93750 93757 93759 93760 93762 ]
[ 4639 64374 ] - [ 93750 93757 93759 93760 93763 ]
[ 4639 64374 ] - [ 93750 93757 93759 93760 93764 ]
[ 4639 64374 ] - [ 93750 93757 93759 93762 93763 ]
[ 4639 64374 ] - [ 93750 93757 93759 93762 93764 ]
[ 4639 64374 ] - [ 93750 93757 93759 93763 93764 ]
[ 4639 64374 ] - [ 93750 93757 93760 93762 93763 ]
[ 4639 64374 ] - [ 93750 93757 93760 93762 93764 ]
[ 4639 64374 ] - [ 93750 93757 93760 93763 93764 ]
[ 4639 64374 ] - [ 93750 93757 93762 93763 93764 ]
[ 4639 64374 ] - [ 93750 93758 93759 93760 93762 ]
[ 4639 64374 ] - [ 93750 93758 93759 93760 93763 ]
[ 4639 64374 ] - [ 93750 93758 93759 93760 93764 ]
[ 4639 64374 ] - [ 93750 93758 93759 93762 93763 ]
[ 4639 64374 ] - [ 93750 93758 93759 93762 93764 ]
[ 4639 64374 ] - [ 93750 93758 93759 93763 93764 ]
[ 4639 64374 ] - [ 93750 93758 93760 93762 93763 ]
[ 4639 64374 ] - [ 93750 93758 93760 93762 93764 ]
[ 4639 64374 ] - [ 93750 93758 93760 93763 93764 ]
[ 4639 64374 ] - [ 93750 93758 93762 93763 93764 ]
[ 4639 64374 ] - [ 93750 93759 93760 93762 93763 ]
[ 4639 64374 ] - [ 93750 93759 93760 93762 93764 ]
[ 4639 64374 ] - [ 93750 93759 93760 93763 93764 ]
[ 4639 64374 ] - [ 93750 93759 93762 93763 93764 ]
[ 4639 64374 ] - [ 93750 93760 93762 93763 93764 ]
[ 4639 64374 ] - [ 93752 93753 93754 93755 93756 ]
[ 4639 64374 ] - [ 93752 93753 93754 93755 93757 ]
[ 4639 64374 ] - [ 93752 93753 93754 93755 93758 ]
[ 4639 64374 ] - [ 93752 93753 93754 93755 93759 ]
[ 4639 64374 ] - [ 93752 93753 93754 93755 93760 ]
[ 4639 64374 ] - [ 93752 93753 93754 93756 93757 ]
[ 4639 64374 ] - [ 93752 93753 93754 93756 93758 ]
[ 4639 64374 ] - [ 93752 93753 93754 93756 93759 ]
[ 4639 64374 ] - [ 93752 93753 93754 93756 93760 ]
[ 4639 64374 ] - [ 93752 93753 93754 93757 93758 ]
[ 4639 64374 ] - [ 93752 93753 93754 93757 93759 ]
[ 4639 64374 ] - [ 93752 93753 93754 93757 93760 ]
[ 4639 64374 ] - [ 93752 93753 93754 93758 93759 ]
[ 4639 64374 ] - [ 93752 93753 93754 93758 93760 ]
[ 4639 64374 ] - [ 93752 93753 93754 93759 93760 ]
[ 4639 64374 ] - [ 93752 93753 93755 93756 93757 ]
[ 4639 64374 ] - [ 93752 93753 93755 93756 93758 ]
[ 4639 64374 ] - [ 93752 93753 93755 93756 93759 ]
[ 4639 64374 ] - [ 93752 93753 93755 93756 93760 ]
[ 4639 64374 ] - [ 93752 93753 93755 93757 93758 ]
[ 4639 64374 ] - [ 93752 93753 93755 93757 93759 ]
[ 4639 64374 ] - [ 93752 93753 93755 93757 93760 ]
[ 4639 64374 ] - [ 93752 93753 93755 93758 93759 ]
[ 4639 64374 ] - [ 93752 93753 93755 93758 93760 ]
[ 4639 64374 ] - [ 93752 93753 93755 93759 93760 ]
[ 4639 64374 ] - [ 93752 93753 93756 93757 93758 ]
[ 4639 64374 ] - [ 93752 93753 93756 93757 93759 ]
[ 4639 64374 ] - [ 93752 93753 93756 93757 93760 ]
[ 4639 64374 ] - [ 93752 93753 93756 93758 93759 ]
[ 4639 64374 ] - [ 93752 93753 93756 93758 93760 ]
[ 4639 64374 ] - [ 93752 93753 93756 93759 93760 ]
[ 4639 64374 ] - [ 93752 93753 93757 93758 93759 ]
[ 4639 64374 ] - [ 93752 93753 93757 93758 93760 ]
[ 4639 64374 ] - [ 93752 93753 93757 93759 93760 ]
[ 4639 64374 ] - [ 93752 93753 93758 93759 93760 ]
[ 4639 64374 ] - [ 93752 93754 93755 93756 93757 ]
[ 4639 64374 ] - [ 93752 93754 93755 93756 93758 ]
[ 4639 64374 ] - [ 93752 93754 93755 93756 93759 ]
[ 4639 64374 ] - [ 93752 93754 93755 93756 93760 ]
[ 4639 64374 ] - [ 93752 93754 93755 93756 93762 ]
[ 4639 64374 ] - [ 93752 93754 93755 93756 93763 ]
[ 4639 64374 ] - [ 93752 93754 93755 93756 93764 ]
[ 4639 64374 ] - [ 93752 93754 93755 93757 93758 ]
[ 4639 64374 ] - [ 93752 93754 93755 93757 93759 ]
[ 4639 64374 ] - [ 93752 93754 93755 93757 93760 ]
[ 4639 64374 ] - [ 93752 93754 93755 93757 93762 ]
[ 4639 64374 ] - [ 93752 93754 93755 93757 93763 ]
[ 4639 64374 ] - [ 93752 93754 93755 93757 93764 ]
[ 4639 64374 ] - [ 93752 93754 93755 93758 93759 ]
[ 4639 64374 ] - [ 93752 93754 93755 93758 93760 ]
[ 4639 64374 ] - [ 93752 93754 93755 93758 93762 ]
[ 4639 64374 ] - [ 93752 93754 93755 93758 93763 ]
[ 4639 64374 ] - [ 93752 93754 93755 93758 93764 ]
[ 4639 64374 ] - [ 93752 93754 93755 93759 93760 ]
[ 4639 64374 ] - [ 93752 93754 93755 93759 93762 ]
[ 4639 64374 ] - [ 93752 93754 93755 93759 93763 ]
[ 4639 64374 ] - [ 93752 93754 93755 93759 93764 ]
[ 4639 64374 ] - [ 93752 93754 93755 93760 93762 ]
[ 4639 64374 ] - [ 93752 93754 93755 93760 93763 ]
[ 4639 64374 ] - [ 93752 93754 93755 93760 93764 ]
[ 4639 64374 ] - [ 93752 93754 93755 93762 93763 ]
[ 4639 64374 ] - [ 93752 93754 93755 93762 93764 ]
[ 4639 64374 ] - [ 93752 93754 93755 93763 93764 ]
[ 4639 64374 ] - [ 93752 93754 93756 93757 93758 ]
[ 4639 64374 ] - [ 93752 93754 93756 93757 93759 ]
[ 4639 64374 ] - [ 93752 93754 93756 93757 93760 ]
[ 4639 64374 ] - [ 93752 93754 93756 93757 93762 ]
[ 4639 64374 ] - [ 93752 93754 93756 93757 93763 ]
[ 4639 64374 ] - [ 93752 93754 93756 93757 93764 ]
[ 4639 64374 ] - [ 93752 93754 93756 93758 93759 ]
[ 4639 64374 ] - [ 93752 93754 93756 93758 93760 ]
[ 5646 84100 ] - [ 94526 94527 94528 94531 ]
[ 4639 64374 ] - [ 93752 93754 93756 93758 93762 ]
[ 4639 64374 ] - [ 93752 93754 93756 93758 93763 ]
[ 4639 64374 ] - [ 93752 93754 93756 93758 93764 ]
[ 4639 64374 ] - [ 93752 93754 93756 93759 93760 ]
[ 4639 64374 ] - [ 93752 93754 93756 93759 93762 ]
[ 4639 64374 ] - [ 93752 93754 93756 93759 93763 ]
[ 4639 64374 ] - [ 93752 93754 93756 93759 93764 ]
[ 4639 64374 ] - [ 93752 93754 93756 93760 93762 ]
[ 4639 64374 ] - [ 93752 93754 93756 93760 93763 ]
[ 4639 64374 ] - [ 93752 93754 93756 93760 93764 ]
[ 4639 64374 ] - [ 93752 93754 93756 93762 93763 ]
[ 4639 64374 ] - [ 93752 93754 93756 93762 93764 ]
[ 4639 64374 ] - [ 93752 93754 93756 93763 93764 ]
[ 4639 64374 ] - [ 93752 93754 93757 93758 93759 ]
[ 4639 64374 ] - [ 93752 93754 93757 93758 93760 ]
[ 4639 64374 ] - [ 93752 93754 93757 93758 93762 ]
[ 4639 64374 ] - [ 93752 93754 93757 93758 93763 ]
[ 4639 64374 ] - [ 93752 93754 93757 93758 93764 ]
[ 4639 64374 ] - [ 93752 93754 93757 93759 93760 ]
[ 4639 64374 ] - [ 93752 93754 93757 93759 93762 ]
[ 4639 64374 ] - [ 93752 93754 93757 93759 93763 ]
[ 4639 64374 ] - [ 93752 93754 93757 93759 93764 ]
[ 4639 64374 ] - [ 93752 93754 93757 93760 93762 ]
[ 4639 64374 ] - [ 93752 93754 93757 93760 93763 ]
[ 4639 64374 ] - [ 93752 93754 93757 93760 93764 ]
[ 4639 64374 ] - [ 93752 93754 93757 93762 93763 ]
[ 4639 64374 ] - [ 93752 93754 93757 93762 93764 ]
[ 4639 64374 ] - [ 93752 93754 93757 93763 93764 ]
[ 4639 64374 ] - [ 93752 93754 93758 93759 93760 ]
[ 4639 64374 ] - [ 93752 93754 93758 93759 93762 ]
[ 4639 64374 ] - [ 93752 93754 93758 93759 93763 ]
[ 4639 64374 ] - [ 93752 93754 93758 93759 93764 ]
[ 4639 64374 ] - [ 93752 93754 93758 93760 93762 ]
[ 4639 64374 ] - [ 93752 93754 93758 93760 93763 ]
[ 4639 64374 ] - [ 93752 93754 93758 93760 93764 ]
[ 4639 64374 ] - [ 93752 93754 93758 93762 93763 ]
[ 4639 64374 ] - [ 93752 93754 93758 93762 93764 ]
[ 4639 64374 ] - [ 93752 93754 93758 93763 93764 ]
[ 4639 64374 ] - [ 93752 93754 93759 93760 93762 ]
[ 4639 64374 ] - [ 93752 93754 93759 93760 93763 ]
[ 4639 64374 ] - [ 93752 93754 93759 93760 93764 ]
[ 4639 64374 ] - [ 93752 93754 93759 93762 93763 ]
[ 4639 64374 ] - [ 93752 93754 93759 93762 93764 ]
[ 4639 64374 ] - [ 93752 93754 93759 93763 93764 ]
[ 4639 64374 ] - [ 93752 93754 93760 93762 93763 ]
[ 4639 64374 ] - [ 93752 93754 93760 93762 93764 ]
[ 4639 64374 ] - [ 93752 93754 93760 93763 93764 ]
[ 4639 64374 ] - [ 93752 93754 93762 93763 93764 ]
[ 4639 64374 ] - [ 93752 93755 93756 93757 93758 ]
[ 4639 64374 ] - [ 93752 93755 93756 93757 93759 ]
[ 4639 64374 ] - [ 93752 93755 93756 93757 93760 ]
[ 4639 64374 ] - [ 93752 93755 93756 93757 93762 ]
[ 4639 64374 ] - [ 93752 93755 93756 93757 93763 ]
[ 4639 64374 ] - [ 93752 93755 93756 93757 93764 ]
[ 4639 64374 ] - [ 93752 93755 93756 93758 93759 ]
[ 4639 64374 ] - [ 93752 93755 93756 93758 93760 ]
[ 4639 64374 ] - [ 93752 93755 93756 93758 93762 ]
[ 4639 64374 ] - [ 93752 93755 93756 93758 93763 ]
[ 4639 64374 ] - [ 93752 93755 93756 93758 93764 ]
[ 4639 64374 ] - [ 93752 93755 93756 93759 93760 ]
[ 4639 64374 ] - [ 93752 93755 93756 93759 93762 ]
[ 4639 64374 ] - [ 93752 93755 93756 93759 93763 ]
[ 4639 64374 ] - [ 93752 93755 93756 93759 93764 ]
[ 4639 64374 ] - [ 93752 93755 93756 93760 93762 ]
[ 4639 64374 ] - [ 93752 93755 93756 93760 93763 ]
[ 4639 64374 ] - [ 93752 93755 93756 93760 93764 ]
[ 4639 64374 ] - [ 93752 93755 93756 93762 93763 ]
[ 4639 64374 ] - [ 93752 93755 93756 93762 93764 ]
[ 4639 64374 ] - [ 93752 93755 93756 93763 93764 ]
[ 4639 64374 ] - [ 93752 93755 93757 93758 93759 ]
[ 4639 64374 ] - [ 93752 93755 93757 93758 93760 ]
[ 4639 64374 ] - [ 93752 93755 93757 93758 93762 ]
[ 4639 64374 ] - [ 93752 93755 93757 93758 93763 ]
[ 4639 64374 ] - [ 93752 93755 93757 93758 93764 ]
[ 4639 64374 ] - [ 93752 93755 93757 93759 93760 ]
[ 4639 64374 ] - [ 93752 93755 93757 93759 93762 ]
[ 4639 64374 ] - [ 93752 93755 93757 93759 93763 ]
[ 4639 64374 ] - [ 93752 93755 93757 93759 93764 ]
[ 4639 64374 ] - [ 93752 93755 93757 93760 93762 ]
[ 4639 64374 ] - [ 93752 93755 93757 93760 93763 ]
[ 4639 64374 ] - [ 93752 93755 93757 93760 93764 ]
[ 4639 64374 ] - [ 93752 93755 93757 93762 93763 ]
[ 4639 64374 ] - [ 93752 93755 93757 93762 93764 ]
[ 4639 64374 ] - [ 93752 93755 93757 93763 93764 ]
[ 4639 64374 ] - [ 93752 93755 93758 93759 93760 ]
[ 4639 64374 ] - [ 93752 93755 93758 93759 93762 ]
[ 4639 64374 ] - [ 93752 93755 93758 93759 93763 ]
[ 4639 64374 ] - [ 93752 93755 93758 93759 93764 ]
[ 4639 64374 ] - [ 93752 93755 93758 93760 93762 ]
[ 4639 64374 ] - [ 93752 93755 93758 93760 93763 ]
[ 4639 64374 ] - [ 93752 93755 93758 93760 93764 ]
[ 4639 64374 ] - [ 93752 93755 93758 93762 93763 ]
[ 4639 64374 ] - [ 93752 93755 93758 93762 93764 ]
[ 4639 64374 ] - [ 93752 93755 93758 93763 93764 ]
[ 4639 64374 ] - [ 93752 93755 93759 93760 93762 ]
[ 4639 64374 ] - [ 93752 93755 93759 93760 93763 ]
[ 4639 64374 ] - [ 93752 93755 93759 93760 93764 ]
[ 4639 64374 ] - [ 93752 93755 93759 93762 93763 ]
[ 4639 64374 ] - [ 93752 93755 93759 93762 93764 ]
[ 4639 64374 ] - [ 93752 93755 93759 93763 93764 ]
[ 4639 64374 ] - [ 93752 93755 93760 93762 93763 ]
[ 4639 64374 ] - [ 93752 93755 93760 93762 93764 ]
[ 4639 64374 ] - [ 93752 93755 93760 93763 93764 ]
[ 4639 64374 ] - [ 93752 93755 93762 93763 93764 ]
[ 4639 64374 ] - [ 93752 93756 93757 93758 93759 ]
[ 4639 64374 ] - [ 93752 93756 93757 93758 93760 ]
[ 4639 64374 ] - [ 93752 93756 93757 93758 93762 ]
[ 4639 64374 ] - [ 93752 93756 93757 93758 93763 ]
[ 4639 64374 ] - [ 93752 93756 93757 93758 93764 ]
[ 4639 64374 ] - [ 93752 93756 93757 93759 93760 ]
[ 4639 64374 ] - [ 93752 93756 93757 93759 93762 ]
[ 4639 64374 ] - [ 93752 93756 93757 93759 93763 ]
[ 4639 64374 ] - [ 93752 93756 93757 93759 93764 ]
[ 4639 64374 ] - [ 93752 93756 93757 93760 93762 ]
[ 4639 64374 ] - [ 93752 93756 93757 93760 93763 ]
[ 4639 64374 ] - [ 93752 93756 93757 93760 93764 ]
[ 4639 64374 ] - [ 93752 93756 93757 93762 93763 ]
[ 4639 64374 ] - [ 93752 93756 93757 93762 93764 ]
[ 4639 64374 ] - [ 93752 93756 93757 93763 93764 ]
[ 4639 64374 ] - [ 93752 93756 93758 93759 93760 ]
[ 4639 64374 ] - [ 93752 93756 93758 93759 93762 ]
[ 4639 64374 ] - [ 93752 93756 93758 93759 93763 ]
[ 4639 64374 ] - [ 93752 93756 93758 93759 93764 ]
[ 4639 64374 ] - [ 93752 93756 93758 93760 93762 ]
[ 4639 64374 ] - [ 93752 93756 93758 93760 93763 ]
[ 4639 64374 ] - [ 93752 93756 93758 93760 93764 ]
[ 4639 64374 ] - [ 93752 93756 93758 93762 93763 ]
[ 4639 64374 ] - [ 93752 93756 93758 93762 93764 ]
[ 4639 64374 ] - [ 93752 93756 93758 93763 93764 ]
[ 4639 64374 ] - [ 93752 93756 93759 93760 93762 ]
[ 4639 64374 ] - [ 93752 93756 93759 93760 93763 ]
[ 4639 64374 ] - [ 93752 93756 93759 93760 93764 ]
[ 4639 64374 ] - [ 93752 93756 93759 93762 93763 ]
[ 4639 64374 ] - [ 93752 93756 93759 93762 93764 ]
[ 4639 64374 ] - [ 93752 93756 93759 93763 93764 ]
[ 4639 64374 ] - [ 93752 93756 93760 93762 93763 ]
[ 4639 64374 ] - [ 93752 93756 93760 93762 93764 ]
[ 4639 64374 ] - [ 93752 93756 93760 93763 93764 ]
[ 4639 64374 ] - [ 93752 93756 93762 93763 93764 ]
[ 4639 64374 ] - [ 93752 93757 93758 93759 93760 ]
[ 4639 64374 ] - [ 93752 93757 93758 93759 93762 ]
[ 4639 64374 ] - [ 93752 93757 93758 93759 93763 ]
[ 4639 64374 ] - [ 93752 93757 93758 93759 93764 ]
[ 4639 64374 ] - [ 93752 93757 93758 93760 93762 ]
[ 4639 64374 ] - [ 93752 93757 93758 93760 93763 ]
[ 4639 64374 ] - [ 93752 93757 93758 93760 93764 ]
[ 4639 64374 ] - [ 93752 93757 93758 93762 93763 ]
[ 4639 64374 ] - [ 93752 93757 93758 93762 93764 ]
[ 4639 64374 ] - [ 93752 93757 93758 93763 93764 ]
[ 4639 64374 ] - [ 93752 93757 93759 93760 93762 ]
[ 4639 64374 ] - [ 93752 93757 93759 93760 93763 ]
[ 4639 64374 ] - [ 93752 93757 93759 93760 93764 ]
[ 4639 64374 ] - [ 93752 93757 93759 93762 93763 ]
[ 4639 64374 ] - [ 93752 93757 93759 93762 93764 ]
[ 4639 64374 ] - [ 93752 93757 93759 93763 93764 ]
[ 4639 64374 ] - [ 93752 93757 93760 93762 93763 ]
[ 4639 64374 ] - [ 93752 93757 93760 93762 93764 ]
[ 4639 64374 ] - [ 93752 93757 93760 93763 93764 ]
[ 4639 64374 ] - [ 93752 93757 93762 93763 93764 ]
[ 4639 64374 ] - [ 93752 93758 93759 93760 93762 ]
[ 4639 64374 ] - [ 93752 93758 93759 93760 93763 ]
[ 4639 64374 ] - [ 93752 93758 93759 93760 93764 ]
[ 4639 64374 ] - [ 93752 93758 93759 93762 93763 ]
[ 4639 64374 ] - [ 93752 93758 93759 93762 93764 ]
[ 4639 64374 ] - [ 93752 93758 93759 93763 93764 ]
[ 4639 64374 ] - [ 93752 93758 93760 93762 93763 ]
[ 4639 64374 ] - [ 93752 93758 93760 93762 93764 ]
[ 4639 64374 ] - [ 93752 93758 93760 93763 93764 ]
[ 4639 64374 ] - [ 93752 93758 93762 93763 93764 ]
[ 4639 64374 ] - [ 93752 93759 93760 93762 93763 ]
[ 4639 64374 ] - [ 93752 93759 93760 93762 93764 ]
[ 4639 64374 ] - [ 93752 93759 93760 93763 93764 ]
[ 4639 64374 ] - [ 93752 93759 93762 93763 93764 ]
[ 4639 64374 ] - [ 93752 93760 93762 93763 93764 ]
[ 4639 64374 ] - [ 93753 93754 93755 93756 93757 ]
[ 4639 64374 ] - [ 93753 93754 93755 93756 93758 ]
[ 4639 64374 ] - [ 93753 93754 93755 93756 93759 ]
[ 4639 64374 ] - [ 93753 93754 93755 93756 93760 ]
[ 4639 64374 ] - [ 93753 93754 93755 93757 93758 ]
[ 4639 64374 ] - [ 93753 93754 93755 93757 93759 ]
[ 4639 64374 ] - [ 93753 93754 93755 93757 93760 ]
[ 4639 64374 ] - [ 93753 93754 93755 93758 93759 ]
[ 4639 64374 ] - [ 93753 93754 93755 93758 93760 ]
[ 4639 64374 ] - [ 93753 93754 93755 93759 93760 ]
[ 4639 64374 ] - [ 93753 93754 93756 93757 93758 ]
[ 4639 64374 ] - [ 93753 93754 93756 93757 93759 ]
[ 4639 64374 ] - [ 93753 93754 93756 93757 93760 ]
[ 4639 64374 ] - [ 93753 93754 93756 93758 93759 ]
[ 4639 64374 ] - [ 93753 93754 93756 93758 93760 ]
[ 4639 64374 ] - [ 93753 93754 93756 93759 93760 ]
[ 4639 64374 ] - [ 93753 93754 93757 93758 93759 ]
[ 4639 64374 ] - [ 93753 93754 93757 93758 93760 ]
[ 4639 64374 ] - [ 93753 93754 93757 93759 93760 ]
[ 4639 64374 ] - [ 93753 93754 93758 93759 93760 ]
[ 4639 64374 ] - [ 93753 93755 93756 93757 93758 ]
[ 4639 64374 ] - [ 93753 93755 93756 93757 93759 ]
[ 4639 64374 ] - [ 93753 93755 93756 93757 93760 ]
[ 4639 64374 ] - [ 93753 93755 93756 93758 93759 ]
[ 4639 64374 ] - [ 93753 93755 93756 93758 93760 ]
[ 4639 64374 ] - [ 93753 93755 93756 93759 93760 ]
[ 4639 64374 ] - [ 93753 93755 93757 93758 93759 ]
[ 4639 64374 ] - [ 93753 93755 93757 93758 93760 ]
[ 4639 64374 ] - [ 93753 93755 93757 93759 93760 ]
[ 4639 64374 ] - [ 93753 93755 93758 93759 93760 ]
[ 4639 64374 ] - [ 93753 93756 93757 93758 93759 ]
[ 4639 64374 ] - [ 93753 93756 93757 93758 93760 ]
[ 4639 64374 ] - [ 93753 93756 93757 93759 93760 ]
[ 4639 64374 ] - [ 93753 93756 93758 93759 93760 ]
[ 4639 64374 ] - [ 93753 93757 93758 93759 93760 ]
[ 4639 64374 ] - [ 93754 93755 93756 93757 93758 ]
[ 4639 64374 ] - [ 93754 93755 93756 93757 93759 ]
[ 4639 64374 ] - [ 93754 93755 93756 93757 93760 ]
[ 4639 64374 ] - [ 93754 93755 93756 93757 93762 ]
[ 4639 64374 ] - [ 93754 93755 93756 93757 93763 ]
[ 4639 64374 ] - [ 93754 93755 93756 93757 93764 ]
[ 4639 64374 ] - [ 93754 93755 93756 93758 93759 ]
[ 4639 64374 ] - [ 93754 93755 93756 93758 93760 ]
[ 4639 64374 ] - [ 93754 93755 93756 93758 93762 ]
[ 4639 64374 ] - [ 93754 93755 93756 93758 93763 ]
[ 4639 64374 ] - [ 93754 93755 93756 93758 93764 ]
[ 4639 64374 ] - [ 93754 93755 93756 93759 93760 ]
[ 4639 64374 ] - [ 93754 93755 93756 93759 93762 ]
[ 4639 64374 ] - [ 93754 93755 93756 93759 93763 ]
[ 4639 64374 ] - [ 93754 93755 93756 93759 93764 ]
[ 4639 64374 ] - [ 93754 93755 93756 93760 93762 ]
[ 4639 64374 ] - [ 93754 93755 93756 93760 93763 ]
[ 4639 64374 ] - [ 93754 93755 93756 93760 93764 ]
[ 4639 64374 ] - [ 93754 93755 93756 93762 93763 ]
[ 4639 64374 ] - [ 93754 93755 93756 93762 93764 ]
[ 4639 64374 ] - [ 93754 93755 93756 93763 93764 ]
[ 4639 64374 ] - [ 93754 93755 93757 93758 93759 ]
[ 4639 64374 ] - [ 93754 93755 93757 93758 93760 ]
[ 4639 64374 ] - [ 93754 93755 93757 93758 93762 ]
[ 4639 64374 ] - [ 93754 93755 93757 93758 93763 ]
[ 4639 64374 ] - [ 93754 93755 93757 93758 93764 ]
[ 4639 64374 ] - [ 93754 93755 93757 93759 93760 ]
[ 4639 64374 ] - [ 93754 93755 93757 93759 93762 ]
[ 4639 64374 ] - [ 93754 93755 93757 93759 93763 ]
[ 4639 64374 ] - [ 93754 93755 93757 93759 93764 ]
[ 4639 64374 ] - [ 93754 93755 93757 93760 93762 ]
[ 4639 64374 ] - [ 93754 93755 93757 93760 93763 ]
[ 4639 64374 ] - [ 93754 93755 93757 93760 93764 ]
[ 4639 64374 ] - [ 93754 93755 93757 93762 93763 ]
[ 4639 64374 ] - [ 93754 93755 93757 93762 93764 ]
[ 4639 64374 ] - [ 93754 93755 93757 93763 93764 ]
[ 4639 64374 ] - [ 93754 93755 93758 93759 93760 ]
[ 4639 64374 ] - [ 93754 93755 93758 93759 93762 ]
[ 4639 64374 ] - [ 93754 93755 93758 93759 93763 ]
[ 4639 64374 ] - [ 93754 93755 93758 93759 93764 ]
[ 4639 64374 ] - [ 93754 93755 93758 93760 93762 ]
[ 4639 64374 ] - [ 93754 93755 93758 93760 93763 ]
[ 4639 64374 ] - [ 93754 93755 93758 93760 93764 ]
[ 4639 64374 ] - [ 93754 93755 93758 93762 93763 ]
[ 4639 64374 ] - [ 93754 93755 93758 93762 93764 ]
[ 4639 64374 ] - [ 93754 93755 93758 93763 93764 ]
[ 4639 64374 ] - [ 93754 93755 93759 93760 93762 ]
[ 4639 64374 ] - [ 93754 93755 93759 93760 93763 ]
[ 4639 64374 ] - [ 93754 93755 93759 93760 93764 ]
[ 4639 64374 ] - [ 93754 93755 93759 93762 93763 ]
[ 4639 64374 ] - [ 93754 93755 93759 93762 93764 ]
[ 4639 64374 ] - [ 93754 93755 93759 93763 93764 ]
[ 4639 64374 ] - [ 93754 93755 93760 93762 93763 ]
[ 4639 64374 ] - [ 93754 93755 93760 93762 93764 ]
[ 4639 64374 ] - [ 93754 93755 93760 93763 93764 ]
[ 4639 64374 ] - [ 93754 93755 93762 93763 93764 ]
[ 4639 64374 ] - [ 93754 93756 93757 93758 93759 ]
[ 4639 64374 ] - [ 93754 93756 93757 93758 93760 ]
[ 4639 64374 ] - [ 93754 93756 93757 93758 93762 ]
[ 4639 64374 ] - [ 93754 93756 93757 93758 93763 ]
[ 4639 64374 ] - [ 93754 93756 93757 93758 93764 ]
[ 4639 64374 ] - [ 93754 93756 93757 93759 93760 ]
[ 4639 64374 ] - [ 93754 93756 93757 93759 93762 ]
[ 4639 64374 ] - [ 93754 93756 93757 93759 93763 ]
[ 4639 64374 ] - [ 93754 93756 93757 93759 93764 ]
[ 4639 64374 ] - [ 93754 93756 93757 93760 93762 ]
[ 4639 64374 ] - [ 93754 93756 93757 93760 93763 ]
[ 4639 64374 ] - [ 93754 93756 93757 93760 93764 ]
[ 4639 64374 ] - [ 93754 93756 93757 93762 93763 ]
[ 4639 64374 ] - [ 93754 93756 93757 93762 93764 ]
[ 4639 64374 ] - [ 93754 93756 93757 93763 93764 ]
[ 4639 64374 ] - [ 93754 93756 93758 93759 93760 ]
[ 4639 64374 ] - [ 93754 93756 93758 93759 93762 ]
[ 4639 64374 ] - [ 93754 93756 93758 93759 93763 ]
[ 4639 64374 ] - [ 93754 93756 93758 93759 93764 ]
[ 4639 64374 ] - [ 93754 93756 93758 93760 93762 ]
[ 4639 64374 ] - [ 93754 93756 93758 93760 93763 ]
[ 4639 64374 ] - [ 93754 93756 93758 93760 93764 ]
[ 4639 64374 ] - [ 93754 93756 93758 93762 93763 ]
[ 4639 64374 ] - [ 93754 93756 93758 93762 93764 ]
[ 4639 64374 ] - [ 93754 93756 93758 93763 93764 ]
[ 4639 64374 ] - [ 93754 93756 93759 93760 93762 ]
[ 4639 64374 ] - [ 93754 93756 93759 93760 93763 ]
[ 4639 64374 ] - [ 93754 93756 93759 93760 93764 ]
[ 4639 64374 ] - [ 93754 93756 93759 93762 93763 ]
[ 4639 64374 ] - [ 93754 93756 93759 93762 93764 ]
[ 4639 64374 ] - [ 93754 93756 93759 93763 93764 ]
[ 4639 64374 ] - [ 93754 93756 93760 93762 93763 ]
[ 4639 64374 ] - [ 93754 93756 93760 93762 93764 ]
[ 4639 64374 ] - [ 93754 93756 93760 93763 93764 ]
[ 4639 64374 ] - [ 93754 93756 93762 93763 93764 ]
[ 4639 64374 ] - [ 93754 93757 93758 93759 93760 ]
[ 4639 64374 ] - [ 93754 93757 93758 93759 93762 ]
[ 4639 64374 ] - [ 93754 93757 93758 93759 93763 ]
[ 4639 64374 ] - [ 93754 93757 93758 93759 93764 ]
[ 4639 64374 ] - [ 93754 93757 93758 93760 93762 ]
[ 4639 64374 ] - [ 93754 93757 93758 93760 93763 ]
[ 4639 64374 ] - [ 93754 93757 93758 93760 93764 ]
[ 4639 64374 ] - [ 93754 93757 93758 93762 93763 ]
[ 4639 64374 ] - [ 93754 93757 93758 93762 93764 ]
[ 4639 64374 ] - [ 93754 93757 93758 93763 93764 ]
[ 4639 64374 ] - [ 93754 93757 93759 93760 93762 ]
[ 4639 64374 ] - [ 93754 93757 93759 93760 93763 ]
[ 4639 64374 ] - [ 93754 93757 93759 93760 93764 ]
[ 4639 64374 ] - [ 93754 93757 93759 93762 93763 ]
[ 4639 64374 ] - [ 93754 93757 93759 93762 93764 ]
[ 4639 64374 ] - [ 93754 93757 93759 93763 93764 ]
[ 4639 64374 ] - [ 93754 93757 93760 93762 93763 ]
[ 4639 64374 ] - [ 93754 93757 93760 93762 93764 ]
[ 4639 64374 ] - [ 93754 93757 93760 93763 93764 ]
[ 4639 64374 ] - [ 93754 93757 93762 93763 93764 ]
[ 4639 64374 ] - [ 93754 93758 93759 93760 93762 ]
[ 4639 64374 ] - [ 93754 93758 93759 93760 93763 ]
[ 4639 64374 ] - [ 93754 93758 93759 93760 93764 ]
[ 4639 64374 ] - [ 93754 93758 93759 93762 93763 ]
[ 4639 64374 ] - [ 93754 93758 93759 93762 93764 ]
[ 4639 64374 ] - [ 93754 93758 93759 93763 93764 ]
[ 4639 64374 ] - [ 93754 93758 93760 93762 93763 ]
[ 4639 64374 ] - [ 93754 93758 93760 93762 93764 ]
[ 4639 64374 ] - [ 93754 93758 93760 93763 93764 ]
[ 4639 64374 ] - [ 93754 93758 93762 93763 93764 ]
[ 4639 64374 ] - [ 93754 93759 93760 93762 93763 ]
[ 4639 64374 ] - [ 93754 93759 93760 93762 93764 ]
[ 4639 64374 ] - [ 93754 93759 93760 93763 93764 ]
[ 4639 64374 ] - [ 93754 93759 93762 93763 93764 ]
[ 4639 64374 ] - [ 93754 93760 93762 93763 93764 ]
[ 4639 64374 ] - [ 93755 93756 93757 93758 93759 ]
[ 4639 64374 ] - [ 93755 93756 93757 93758 93760 ]
[ 4639 64374 ] - [ 93755 93756 93757 93758 93762 ]
[ 4639 64374 ] - [ 93755 93756 93757 93758 93763 ]
[ 4639 64374 ] - [ 93755 93756 93757 93758 93764 ]
[ 4639 64374 ] - [ 93755 93756 93757 93759 93760 ]
[ 4639 64374 ] - [ 93755 93756 93757 93759 93762 ]
[ 4639 64374 ] - [ 93755 93756 93757 93759 93763 ]
[ 4639 64374 ] - [ 93755 93756 93757 93759 93764 ]
[ 4639 64374 ] - [ 93755 93756 93757 93760 93762 ]
[ 4639 64374 ] - [ 93755 93756 93757 93760 93763 ]
[ 4639 64374 ] - [ 93755 93756 93757 93760 93764 ]
[ 4639 64374 ] - [ 93755 93756 93757 93762 93763 ]
[ 4639 64374 ] - [ 93755 93756 93757 93762 93764 ]
[ 4639 64374 ] - [ 93755 93756 93757 93763 93764 ]
[ 4639 64374 ] - [ 93755 93756 93758 93759 93760 ]
[ 4639 64374 ] - [ 93755 93756 93758 93759 93762 ]
[ 4639 64374 ] - [ 93755 93756 93758 93759 93763 ]
[ 4639 64374 ] - [ 93755 93756 93758 93759 93764 ]
[ 4639 64374 ] - [ 93755 93756 93758 93760 93762 ]
[ 4639 64374 ] - [ 93755 93756 93758 93760 93763 ]
[ 4639 64374 ] - [ 93755 93756 93758 93760 93764 ]
[ 4639 64374 ] - [ 93755 93756 93758 93762 93763 ]
[ 4639 64374 ] - [ 93755 93756 93758 93762 93764 ]
[ 4639 64374 ] - [ 93755 93756 93758 93763 93764 ]
[ 4639 64374 ] - [ 93755 93756 93759 93760 93762 ]
[ 4639 64374 ] - [ 93755 93756 93759 93760 93763 ]
[ 4639 64374 ] - [ 93755 93756 93759 93760 93764 ]
[ 4639 64374 ] - [ 93755 93756 93759 93762 93763 ]
[ 4639 64374 ] - [ 93755 93756 93759 93762 93764 ]
[ 4639 64374 ] - [ 93755 93756 93759 93763 93764 ]
[ 4639 64374 ] - [ 93755 93756 93760 93762 93763 ]
[ 4639 64374 ] - [ 93755 93756 93760 93762 93764 ]
[ 4639 64374 ] - [ 93755 93756 93760 93763 93764 ]
[ 4639 64374 ] - [ 93755 93756 93762 93763 93764 ]
[ 4639 64374 ] - [ 93755 93757 93758 93759 93760 ]
[ 4639 64374 ] - [ 93755 93757 93758 93759 93762 ]
[ 4639 64374 ] - [ 93755 93757 93758 93759 93763 ]
[ 4639 64374 ] - [ 93755 93757 93758 93759 93764 ]
[ 4639 64374 ] - [ 93755 93757 93758 93760 93762 ]
[ 4639 64374 ] - [ 93755 93757 93758 93760 93763 ]
[ 4639 64374 ] - [ 93755 93757 93758 93760 93764 ]
[ 4639 64374 ] - [ 93755 93757 93758 93762 93763 ]
[ 4639 64374 ] - [ 93755 93757 93758 93762 93764 ]
[ 4639 64374 ] - [ 93755 93757 93758 93763 93764 ]
[ 4639 64374 ] - [ 93755 93757 93759 93760 93762 ]
[ 4639 64374 ] - [ 93755 93757 93759 93760 93763 ]
[ 4639 64374 ] - [ 93755 93757 93759 93760 93764 ]
[ 4639 64374 ] - [ 93755 93757 93759 93762 93763 ]
[ 4639 64374 ] - [ 93755 93757 93759 93762 93764 ]
[ 4639 64374 ] - [ 93755 93757 93759 93763 93764 ]
[ 4639 64374 ] - [ 93755 93757 93760 93762 93763 ]
[ 4639 64374 ] - [ 93755 93757 93760 93762 93764 ]
[ 4639 64374 ] - [ 93755 93757 93760 93763 93764 ]
[ 4639 64374 ] - [ 93755 93757 93762 93763 93764 ]
[ 4639 64374 ] - [ 93755 93758 93759 93760 93762 ]
[ 4639 64374 ] - [ 93755 93758 93759 93760 93763 ]
[ 4639 64374 ] - [ 93755 93758 93759 93760 93764 ]
[ 4639 64374 ] - [ 93755 93758 93759 93762 93763 ]
[ 4639 64374 ] - [ 93755 93758 93759 93762 93764 ]
[ 4639 64374 ] - [ 93755 93758 93759 93763 93764 ]
[ 4639 64374 ] - [ 93755 93758 93760 93762 93763 ]
[ 4639 64374 ] - [ 93755 93758 93760 93762 93764 ]
[ 4639 64374 ] - [ 93755 93758 93760 93763 93764 ]
[ 4639 64374 ] - [ 93755 93758 93762 93763 93764 ]
[ 4639 64374 ] - [ 93755 93759 93760 93762 93763 ]
[ 4639 64374 ] - [ 93755 93759 93760 93762 93764 ]
[ 4639 64374 ] - [ 93755 93759 93760 93763 93764 ]
[ 4639 64374 ] - [ 93755 93759 93762 93763 93764 ]
[ 4639 64374 ] - [ 93755 93760 93762 93763 93764 ]
[ 4639 64374 ] - [ 93756 93757 93758 93759 93760 ]
[ 4639 64374 ] - [ 93756 93757 93758 93759 93762 ]
[ 4639 64374 ] - [ 93756 93757 93758 93759 93763 ]
[ 4639 64374 ] - [ 93756 93757 93758 93759 93764 ]
[ 4639 64374 ] - [ 93756 93757 93758 93760 93762 ]
[ 4639 64374 ] - [ 93756 93757 93758 93760 93763 ]
[ 4639 64374 ] - [ 93756 93757 93758 93760 93764 ]
[ 4639 64374 ] - [ 93756 93757 93758 93762 93763 ]
[ 4639 64374 ] - [ 93756 93757 93758 93762 93764 ]
[ 4639 64374 ] - [ 93756 93757 93758 93763 93764 ]
[ 4639 64374 ] - [ 93756 93757 93759 93760 93762 ]
[ 4639 64374 ] - [ 93756 93757 93759 93760 93763 ]
[ 4639 64374 ] - [ 93756 93757 93759 93760 93764 ]
[ 4639 64374 ] - [ 93756 93757 93759 93762 93763 ]
[ 4639 64374 ] - [ 93756 93757 93759 93762 93764 ]
[ 4639 64374 ] - [ 93756 93757 93759 93763 93764 ]
[ 4639 64374 ] - [ 93756 93757 93760 93762 93763 ]
[ 4639 64374 ] - [ 93756 93757 93760 93762 93764 ]
[ 4639 64374 ] - [ 93756 93757 93760 93763 93764 ]
[ 4639 64374 ] - [ 93756 93757 93762 93763 93764 ]
[ 4639 64374 ] - [ 93756 93758 93759 93760 93762 ]
[ 4639 64374 ] - [ 93756 93758 93759 93760 93763 ]
[ 4639 64374 ] - [ 93756 93758 93759 93760 93764 ]
[ 4639 64374 ] - [ 93756 93758 93759 93762 93763 ]
[ 4639 64374 ] - [ 93756 93758 93759 93762 93764 ]
[ 4639 64374 ] - [ 93756 93758 93759 93763 93764 ]
[ 4639 64374 ] - [ 93756 93758 93760 93762 93763 ]
[ 4639 64374 ] - [ 93756 93758 93760 93762 93764 ]
[ 4639 64374 ] - [ 93756 93758 93760 93763 93764 ]
[ 4639 64374 ] - [ 93756 93758 93762 93763 93764 ]
[ 4639 64374 ] - [ 93756 93759 93760 93762 93763 ]
[ 4639 64374 ] - [ 93756 93759 93760 93762 93764 ]
[ 4639 64374 ] - [ 93756 93759 93760 93763 93764 ]
[ 4639 64374 ] - [ 93756 93759 93762 93763 93764 ]
[ 4639 64374 ] - [ 93756 93760 93762 93763 93764 ]
[ 4639 64374 ] - [ 93757 93758 93759 93760 93762 ]
[ 4639 64374 ] - [ 93757 93758 93759 93760 93763 ]
[ 4639 64374 ] - [ 93757 93758 93759 93760 93764 ]
[ 4639 64374 ] - [ 93757 93758 93759 93762 93763 ]
[ 4639 64374 ] - [ 93757 93758 93759 93762 93764 ]
[ 4639 64374 ] - [ 93757 93758 93759 93763 93764 ]
[ 4639 64374 ] - [ 93757 93758 93760 93762 93763 ]
[ 4639 64374 ] - [ 93757 93758 93760 93762 93764 ]
[ 4639 64374 ] - [ 93757 93758 93760 93763 93764 ]
[ 4639 64374 ] - [ 93757 93758 93762 93763 93764 ]
[ 4639 64374 ] - [ 93757 93759 93760 93762 93763 ]
[ 4639 64374 ] - [ 93757 93759 93760 93762 93764 ]
[ 4639 64374 ] - [ 93757 93759 93760 93763 93764 ]
[ 4639 64374 ] - [ 93757 93759 93762 93763 93764 ]
[ 4639 64374 ] - [ 93757 93760 93762 93763 93764 ]
[ 4639 64374 ] - [ 93758 93759 93760 93762 93763 ]
[ 4639 64374 ] - [ 93758 93759 93760 93762 93764 ]
[ 4639 64374 ] - [ 93758 93759 93760 93763 93764 ]
[ 4639 64374 ] - [ 93758 93759 93762 93763 93764 ]
[ 4639 64374 ] - [ 93758 93760 93762 93763 93764 ]
[ 4639 64374 ] - [ 93759 93760 93762 93763 93764 ]
[ 4639 ] - [ 93761 93762 93763 93764 ]
[ 5680 73919 ] - [ 94555 94556 94557 94558 ]
[ 6003 ] - [ 93536 94809 94811 94812 ]
[ 6038 15773 15783 ] - [ 94846 94847 94848 94849 ]
[ 6038 15782 15783 ] - [ 94846 94847 94848 94849 ]
[ 6285 6286 ] - [ 92097 94655 94985 94988 ]
[ 6285 ] - [ 94985 94988 95036 95037 ]
[ 6334 21488 ] - [ 95081 95084 95085 95086 95087 ]
[ 6334 21488 ] - [ 95082 95083 95084 95088 ]
[ 6334 21488 ] - [ 95082 95084 95085 95086 95087 ]
[ 6334 21488 ] - [ 95082 95084 95085 95086 95088 ]
[ 6334 21488 ] - [ 95082 95084 95085 95087 95088 ]
[ 6334 21488 ] - [ 95082 95084 95086 95087 95088 ]
[ 6334 21488 ] - [ 95082 95085 95086 95087 95088 ]
[ 6334 21488 ] - [ 95084 95085 95086 95087 95088 ]
[ 8755 ] - [ 92674 96843 96845 96846 96847 ]
[ 8755 ] - [ 96845 96846 96847 96848 ]
[ 8915 9715 30020 32346 52818 ] - [ 96960 96961 96962 96963 ]
[ 10894 18680 ] - [ 98074 98075 98076 98077 98079 ]
[ 10894 18680 ] - [ 98074 98075 98076 98077 98080 ]
[ 10894 18680 ] - [ 98074 98075 98076 98077 98081 ]
[ 10894 ] - [ 98074 98075 98076 98079 98080 ]
[ 10894 ] - [ 98074 98075 98076 98079 98081 ]
[ 10894 ] - [ 98074 98075 98076 98080 98081 ]
[ 10894 18680 ] - [ 98074 98075 98077 98079 98080 ]
[ 10894 18680 ] - [ 98074 98075 98077 98079 98081 ]
[ 10894 18680 ] - [ 98074 98075 98077 98080 98081 ]
[ 10894 ] - [ 98074 98075 98079 98080 98081 ]
[ 10894 18680 ] - [ 98074 98076 98077 98079 98080 ]
[ 10894 18680 ] - [ 98074 98076 98077 98079 98081 ]
[ 10894 18680 ] - [ 98074 98076 98077 98080 98081 ]
[ 10894 ] - [ 98074 98076 98079 98080 98081 ]
[ 10894 18680 ] - [ 98074 98077 98079 98080 98081 ]
[ 10894 18680 ] - [ 98075 98076 98077 98079 98080 ]
[ 10894 18680 ] - [ 98075 98076 98077 98079 98081 ]
[ 10894 18680 ] - [ 98075 98076 98077 98080 98081 ]
[ 10894 ] - [ 98075 98076 98079 98080 98081 ]
[ 10894 18680 ] - [ 98075 98077 98079 98080 98081 ]
[ 10894 18680 ] - [ 98076 98077 98079 98080 98081 ]
[ 12101 12114 ] - [ 98893 98894 98895 98896 ]
[ 15073 36108 60259 ] - [ 93709 95831 95832 98908 ]
[ 15343 77554 ] - [ 100856 100857 100858 100859 ]
[ 15397 87032 ] - [ 99075 100896 100897 100898 ]
[ 15397 87032 ] - [ 100895 100896 100897 100898 ]
[ 17377 21454 23420 ] - [ 102088 102089 102090 102091 102092 ]
[ 17377 21454 23420 ] - [ 102088 102089 102090 102091 102093 ]
[ 17377 21454 23420 ] - [ 102088 102089 102090 102091 102094 ]
[ 17377 21454 23420 ] - [ 102088 102089 102090 102092 102093 ]
[ 17377 21454 23420 ] - [ 102088 102089 102090 102092 102094 ]
[ 17377 21454 23420 ] - [ 102088 102089 102090 102093 102094 ]
[ 17377 21454 23420 ] - [ 102088 102089 102091 102092 102093 ]
[ 17377 21454 23420 ] - [ 102088 102089 102091 102092 102094 ]
[ 17377 21454 23420 ] - [ 102088 102089 102091 102093 102094 ]
[ 17377 21454 23420 ] - [ 102088 102089 102092 102093 102094 ]
[ 17377 21454 23420 ] - [ 102088 102090 102091 102092 102093 ]
[ 17377 21454 23420 ] - [ 102088 102090 102091 102092 102094 ]
[ 17377 21454 23420 ] - [ 102088 102090 102091 102093 102094 ]
[ 17377 21454 23420 ] - [ 102088 102090 102092 102093 102094 ]
[ 17377 21454 23420 ] - [ 102088 102091 102092 102093 102094 ]
[ 17377 21454 23420 ] - [ 102089 102090 102091 102092 102093 ]
[ 17377 21454 23420 ] - [ 102089 102090 102091 102092 102094 ]
[ 17377 21454 23420 ] - [ 102089 102090 102091 102093 102094 ]
[ 17377 21454 23420 ] - [ 102089 102090 102092 102093 102094 ]
[ 17377 21454 23420 ] - [ 102089 102091 102092 102093 102094 ]
[ 17377 21454 23420 ] - [ 102090 102091 102092 102093 102094 ]
[ 17790 18036 35754 ] - [ 102342 102344 102345 102346 ]
[ 18036 35754 69311 ] - [ 102342 102344 102345 102346 ]
[ 18059 77101 ] - [ 102520 102521 102522 102523 ]
[ 18777 18778 ] - [ 102846 102847 102848 102849 ]
[ 19387 19389 19412 ] - [ 103158 103159 103160 103182 ]
[ 19389 19412 40088 ] - [ 103158 103159 103160 103182 ]
[ 20290 27222 ] - [ 103655 103656 103657 103658 ]
[ 21200 ] - [ 104217 104218 104219 104220 104221 ]
[ 21349 ] - [ 104297 104298 104299 104300 104301 ]
[ 21349 ] - [ 104297 104298 104299 104300 104302 ]
[ 21349 22269 ] - [ 104297 104298 104299 104300 104303 ]
[ 21349 ] - [ 104297 104298 104299 104301 104302 ]
[ 21349 22269 ] - [ 104297 104298 104299 104301 104303 ]
[ 21349 22269 ] - [ 104297 104298 104299 104302 104303 ]
[ 21349 ] - [ 104297 104298 104300 104301 104302 ]
[ 21349 22269 ] - [ 104297 104298 104300 104301 104303 ]
[ 21349 22269 ] - [ 104297 104298 104300 104302 104303 ]
[ 21349 22269 ] - [ 104297 104298 104301 104302 104303 ]
[ 21349 ] - [ 104297 104299 104300 104301 104302 ]
[ 21349 22269 ] - [ 104297 104299 104300 104301 104303 ]
[ 21349 22269 ] - [ 104297 104299 104300 104302 104303 ]
[ 21349 22269 ] - [ 104297 104299 104301 104302 104303 ]
[ 21349 22269 ] - [ 104297 104300 104301 104302 104303 ]
[ 21349 ] - [ 104298 104299 104300 104301 104302 ]
[ 21349 22269 ] - [ 104298 104299 104300 104301 104303 ]
[ 21349 22269 ] - [ 104298 104299 104300 104302 104303 ]
[ 21349 22269 ] - [ 104298 104299 104301 104302 104303 ]
[ 21349 22269 ] - [ 104298 104300 104301 104302 104303 ]
[ 21349 22269 ] - [ 104299 104300 104301 104302 104303 ]
[ 22015 ] - [ 104627 104628 104629 104630 ]
[ 22326 22327 ] - [ 104821 104822 104823 104824 104825 ]
[ 22678 65513 ] - [ 105004 105005 105006 105007 ]
[ 23104 45070 ] - [ 105242 105243 105244 105245 ]
[ 23701 26752 ] - [ 105537 105538 105539 105540 ]
[ 24146 83211 ] - [ 105768 105769 105770 105771 105772 ]
[ 24576 37650 ] - [ 106009 106010 106011 106012 106013 ]
[ 24576 66567 ] - [ 106009 106010 106011 106012 106013 ]
[ 24576 37650 ] - [ 106009 106010 106011 106012 106014 ]
[ 24576 66567 ] - [ 106009 106010 106011 106012 106014 ]
[ 24576 37650 ] - [ 106009 106010 106011 106013 106014 ]
[ 24576 66567 ] - [ 106009 106010 106011 106013 106014 ]
[ 24576 66567 ] - [ 106009 106010 106012 106013 106014 ]
[ 24576 37650 ] - [ 106009 106011 106012 106013 106014 ]
[ 24576 66567 ] - [ 106009 106011 106012 106013 106014 ]
[ 24576 37650 ] - [ 106010 106011 106012 106013 106014 ]
[ 24576 66567 ] - [ 106010 106011 106012 106013 106014 ]
[ 24776 28658 39701 ] - [ 93628 99912 101920 106109 ]
[ 24922 ] - [ 106183 106184 106185 106186 ]
[ 26916 42380 ] - [ 107246 107247 107248 107249 ]
[ 29082 66326 ] - [ 103615 108431 108432 108433 108435 ]
[ 29082 66326 ] - [ 103615 108431 108432 108433 108436 ]
[ 29082 66326 ] - [ 103615 108431 108432 108435 108436 ]
[ 29082 66326 ] - [ 103615 108431 108433 108435 108436 ]
[ 29082 66326 ] - [ 103615 108432 108433 108435 108436 ]
[ 29082 66326 ] - [ 108431 108432 108433 108434 108436 ]
[ 29082 66326 ] - [ 108431 108432 108433 108435 108436 ]
[ 29442 30417 32716 ] - [ 108656 108657 108658 108659 108660 ]
[ 29483 31859 ] - [ 108683 108684 108685 108686 ]
[ 29716 43085 46120 ] - [ 101785 108799 108800 108801 ]
[ 32574 39043 39224 58196 67132 ] - [ 106886 110304 110305 110306 ]
[ 35217 ] - [ 111670 111671 111672 111673 ]
[ 36154 80752 ] - [ 112130 112131 112132 112133 ]
[ 36511 53880 73770 85314 ] - [ 112300 112301 112302 112303 112304 ]
[ 36511 53880 73770 85314 ] - [ 112300 112301 112302 112303 112305 ]
[ 36511 53880 73770 85314 ] - [ 112300 112301 112302 112303 112306 ]
[ 36511 53880 73770 85314 ] - [ 112300 112301 112302 112303 112307 ]
[ 36511 53880 73770 85314 ] - [ 112300 112301 112302 112304 112305 ]
[ 36511 53880 73770 85314 ] - [ 112300 112301 112302 112304 112306 ]
[ 36511 53880 73770 85314 ] - [ 112300 112301 112302 112304 112307 ]
[ 36511 53880 73770 85314 ] - [ 112300 112301 112302 112305 112306 ]
[ 36511 53880 73770 85314 ] - [ 112300 112301 112302 112305 112307 ]
[ 36511 53880 73770 85314 ] - [ 112300 112301 112302 112306 112307 ]
[ 36511 53880 73770 85314 ] - [ 112300 112301 112303 112304 112305 ]
[ 36511 53880 73770 85314 ] - [ 112300 112301 112303 112304 112306 ]
[ 36511 53880 73770 85314 ] - [ 112300 112301 112303 112304 112307 ]
[ 36511 53880 73770 85314 ] - [ 112300 112301 112303 112305 112306 ]
[ 36511 53880 73770 85314 ] - [ 112300 112301 112303 112305 112307 ]
[ 36511 53880 73770 85314 ] - [ 112300 112301 112303 112306 112307 ]
[ 36511 53880 73770 85314 ] - [ 112300 112301 112304 112305 112306 ]
[ 36511 53880 73770 85314 ] - [ 112300 112301 112304 112305 112307 ]
[ 36511 53880 73770 85314 ] - [ 112300 112301 112304 112306 112307 ]
[ 36511 53880 73770 85314 ] - [ 112300 112301 112305 112306 112307 ]
[ 36511 53880 73770 85314 ] - [ 112300 112302 112303 112304 112305 ]
[ 36511 53880 73770 85314 ] - [ 112300 112302 112303 112304 112306 ]
[ 36511 53880 73770 85314 ] - [ 112300 112302 112303 112304 112307 ]
[ 36511 53880 73770 85314 ] - [ 112300 112302 112303 112305 112306 ]
[ 36511 53880 73770 85314 ] - [ 112300 112302 112303 112305 112307 ]
[ 36511 53880 73770 85314 ] - [ 112300 112302 112303 112306 112307 ]
[ 36511 53880 73770 85314 ] - [ 112300 112302 112304 112305 112306 ]
[ 36511 53880 73770 85314 ] - [ 112300 112302 112304 112305 112307 ]
[ 36511 53880 73770 85314 ] - [ 112300 112302 112304 112306 112307 ]
[ 36511 53880 73770 85314 ] - [ 112300 112302 112305 112306 112307 ]
[ 36511 53880 73770 85314 ] - [ 112300 112303 112304 112305 112306 ]
[ 36511 53880 73770 85314 ] - [ 112300 112303 112304 112305 112307 ]
[ 36511 53880 73770 85314 ] - [ 112300 112303 112304 112306 112307 ]
[ 36511 53880 73770 85314 ] - [ 112300 112303 112305 112306 112307 ]
[ 36511 53880 73770 85314 ] - [ 112300 112304 112305 112306 112307 ]
[ 36511 53880 73770 85314 ] - [ 112301 112302 112303 112304 112305 ]
[ 36511 53880 73770 85314 ] - [ 112301 112302 112303 112304 112306 ]
[ 36511 53880 73770 85314 ] - [ 112301 112302 112303 112304 112307 ]
[ 36511 53880 73770 85314 ] - [ 112301 112302 112303 112305 112306 ]
[ 36511 53880 73770 85314 ] - [ 112301 112302 112303 112305 112307 ]
[ 36511 53880 73770 85314 ] - [ 112301 112302 112303 112306 112307 ]
[ 36511 53880 73770 85314 ] - [ 112301 112302 112304 112305 112306 ]
[ 36511 53880 73770 85314 ] - [ 112301 112302 112304 112305 112307 ]
[ 36511 53880 73770 85314 ] - [ 112301 112302 112304 112306 112307 ]
[ 36511 53880 73770 85314 ] - [ 112301 112302 112305 112306 112307 ]
[ 36511 53880 73770 85314 ] - [ 112301 112303 112304 112305 112306 ]
[ 36511 53880 73770 85314 ] - [ 112301 112303 112304 112305 112307 ]
[ 36511 53880 73770 85314 ] - [ 112301 112303 112304 112306 112307 ]
[ 36511 53880 73770 85314 ] - [ 112301 112303 112305 112306 112307 ]
[ 36511 53880 73770 85314 ] - [ 112301 112304 112305 112306 112307 ]
[ 36511 53880 73770 85314 ] - [ 112302 112303 112304 112305 112306 ]
[ 36511 53880 73770 85314 ] - [ 112302 112303 112304 112305 112307 ]
[ 36511 53880 73770 85314 ] - [ 112302 112303 112304 112306 112307 ]
[ 36511 53880 73770 85314 ] - [ 112302 112303 112305 112306 112307 ]
[ 36511 53880 73770 85314 ] - [ 112302 112304 112305 112306 112307 ]
[ 36511 53880 73770 85314 ] - [ 112303 112304 112305 112306 112307 ]
[ 37476 44636 ] - [ 112750 112751 112752 112753 ]
[ 39067 39068 ] - [ 113501 113502 113503 113504 ]
[ 41484 44960 49828 76197 76198 ] - [ 98137 114530 114531 114532 114533 ]
[ 41484 44960 49828 76197 76198 ] - [ 98900 114530 114531 114532 114533 ]
[ 48648 48743 56574 ] - [ 117829 117830 117831 117832 117833 ]
[ 48860 87490 ] - [ 95009 110582 117912 117913 ]
[ 55880 56008 ] - [ 121431 121432 121433 121435 ]
[ 59117 60945 ] - [ 118007 123055 123056 123057 123058 ]
[ 59586 ] - [ 123308 123309 123310 123311 ]
[ 59820 87829 ] - [ 95855 123399 123400 123401 ]
[ 60359 66857 ] - [ 123681 123683 123684 123685 ]
[ 60359 66857 ] - [ 123682 123683 123684 123685 ]
[ 61049 ] - [ 100997 123946 124071 124072 ]
[ 61316 ] - [ 124216 124217 124218 124219 124220 ]
[ 63578 63579 ] - [ 115597 125235 125236 125237 ]
[ 65538 ] - [ 120229 126018 126019 126020 ]
[ 69843 72999 ] - [ 128022 128023 128024 128025 ]
[ 72339 84740 ] - [ 102283 129073 129074 129075 ]
[ 75822 78323 ] - [ 126497 130409 130410 130411 ]
[ 75822 78323 ] - [ 130408 130409 130410 130411 ]
[ 84958 86129 ] - [ 123382 133843 133844 133845 ]
