0 125
0 129
0 134
0 136
0 138
0 140
0 143
0 146
0 148
0 153
0 155
0 156
0 158
0 163
0 168
0 170
0 175
0 180
0 185
0 190
0 193
0 201
0 203
0 207
0 210
0 211
0 212
0 225
0 231
0 232
0 234
0 236
0 239
0 243
0 246
0 247
0 252
0 254
0 267
0 270
0 273
0 274
0 278
0 284
0 287
0 291
1 127
1 131
1 138
1 139
1 141
1 142
1 149
1 150
1 152
1 155
1 159
1 162
1 165
1 170
1 172
1 174
1 177
1 179
1 183
1 188
1 196
1 197
1 202
1 209
1 210
1 213
1 214
1 218
1 222
1 232
1 234
1 236
1 237
1 244
1 246
1 248
1 251
1 254
1 255
1 256
1 260
1 261
1 264
1 268
1 270
1 271
1 272
1 274
1 278
1 279
1 281
1 283
1 285
1 286
1 289
2 125
2 127
2 131
2 135
2 139
2 142
2 143
2 147
2 153
2 156
2 158
2 161
2 163
2 164
2 172
2 174
2 177
2 179
2 182
2 184
2 190
2 194
2 201
2 204
2 212
2 215
2 216
2 218
2 224
2 225
2 232
2 234
2 242
2 246
2 248
2 250
2 253
2 254
2 256
2 258
2 259
2 260
2 264
2 268
2 270
2 271
2 275
2 278
2 279
2 280
2 288
3 130
3 136
3 140
3 141
3 143
3 144
3 145
3 147
3 150
3 151
3 153
3 157
3 164
3 165
3 167
3 172
3 176
3 179
3 181
3 182
3 184
3 194
3 200
3 201
3 202
3 214
3 215
3 220
3 221
3 222
3 225
3 235
3 236
3 238
3 239
3 248
3 256
3 260
3 266
3 274
3 275
3 279
3 281
3 285
3 289
3 290
4 129
4 130
4 133
4 135
4 137
4 147
4 149
4 150
4 151
4 154
4 159
4 163
4 165
4 166
4 171
4 173
4 176
4 181
4 184
4 188
4 197
4 201
4 207
4 214
4 224
4 235
4 238
4 239
4 243
4 251
4 255
4 258
4 264
4 266
4 270
4 273
4 274
4 280
4 283
4 286
5 125
5 126
5 127
5 131
5 135
5 138
5 139
5 140
5 144
5 155
5 157
5 158
5 159
5 161
5 163
5 167
5 169
5 170
5 178
5 197
5 202
5 208
5 209
5 211
5 215
5 220
5 221
5 225
5 227
5 228
5 229
5 230
5 238
5 241
5 260
5 261
5 265
5 267
5 269
5 270
5 271
5 273
5 274
5 275
5 278
5 285
5 286
5 287
6 128
6 129
6 131
6 133
6 135
6 138
6 143
6 145
6 147
6 148
6 149
6 152
6 157
6 163
6 172
6 174
6 179
6 183
6 191
6 192
6 193
6 206
6 214
6 226
6 227
6 234
6 236
6 238
6 243
6 246
6 247
6 248
6 250
6 258
6 263
6 266
6 269
6 271
6 276
6 278
6 282
6 286
6 291
7 125
7 126
7 128
7 133
7 134
7 135
7 138
7 140
7 143
7 155
7 157
7 158
7 159
7 166
7 167
7 168
7 169
7 171
7 172
7 177
7 179
7 182
7 183
7 186
7 187
7 188
7 190
7 194
7 196
7 198
7 200
7 202
7 209
7 216
7 217
7 218
7 219
7 221
7 223
7 224
7 226
7 227
7 232
7 238
7 241
7 244
7 247
7 248
7 255
7 256
7 267
7 269
7 270
7 273
7 283
7 287
8 128
8 132
8 133
8 135
8 136
8 143
8 144
8 147
8 149
8 150
8 151
8 153
8 154
8 157
8 162
8 177
8 178
8 179
8 180
8 185
8 189
8 192
8 193
8 198
8 200
8 201
8 203
8 205
8 207
8 215
8 218
8 221
8 226
8 228
8 230
8 239
8 240
8 244
8 246
8 253
8 254
8 264
8 271
8 272
8 275
8 277
8 278
8 280
8 282
8 285
8 287
8 289
8 291
9 125
9 133
9 143
9 146
9 148
9 150
9 152
9 155
9 165
9 167
9 171
9 173
9 184
9 185
9 189
9 190
9 191
9 194
9 195
9 197
9 200
9 207
9 208
9 210
9 217
9 223
9 224
9 227
9 235
9 236
9 239
9 240
9 245
9 249
9 251
9 261
9 267
9 269
9 270
9 271
9 277
9 279
9 284
9 286
9 288
9 289
10 128
10 135
10 136
10 143
10 147
10 148
10 158
10 167
10 172
10 175
10 176
10 178
10 183
10 189
10 190
10 192
10 193
10 195
10 197
10 209
10 212
10 216
10 219
10 221
10 222
10 227
10 232
10 238
10 239
10 245
10 248
10 255
10 258
10 259
10 263
10 264
10 268
10 269
10 273
10 274
10 275
10 276
10 279
10 285
10 287
11 125
11 128
11 138
11 139
11 143
11 145
11 146
11 149
11 154
11 156
11 158
11 161
11 167
11 171
11 172
11 173
11 176
11 177
11 179
11 188
11 189
11 190
11 201
11 205
11 208
11 209
11 216
11 217
11 218
11 224
11 237
11 239
11 242
11 243
11 246
11 251
11 253
11 254
11 258
11 262
11 265
11 266
11 269
11 273
11 276
11 281
11 282
11 288
11 289
11 290
12 126
12 130
12 133
12 135
12 139
12 143
12 153
12 157
12 162
12 167
12 169
12 170
12 174
12 177
12 178
12 181
12 185
12 187
12 190
12 191
12 192
12 193
12 196
12 200
12 204
12 206
12 211
12 213
12 214
12 215
12 218
12 219
12 220
12 226
12 229
12 233
12 236
12 240
12 241
12 242
12 243
12 245
12 246
12 247
12 258
12 259
12 264
12 267
12 269
12 270
12 272
12 273
12 278
12 282
12 291
13 129
13 130
13 132
13 142
13 143
13 148
13 149
13 155
13 156
13 158
13 164
13 171
13 172
13 174
13 176
13 179
13 182
13 186
13 189
13 191
13 193
13 200
13 204
13 207
13 211
13 212
13 218
13 219
13 220
13 224
13 226
13 229
13 230
13 238
13 245
13 247
13 251
13 254
13 255
13 258
13 259
13 261
13 262
13 263
13 265
13 271
13 274
13 280
13 283
13 286
14 138
14 141
14 145
14 147
14 148
14 158
14 159
14 160
14 161
14 165
14 166
14 172
14 173
14 175
14 181
14 185
14 199
14 200
14 201
14 202
14 203
14 205
14 206
14 209
14 210
14 211
14 215
14 221
14 224
14 226
14 230
14 231
14 232
14 233
14 234
14 235
14 237
14 242
14 243
14 245
14 246
14 247
14 249
14 251
14 256
14 257
14 263
14 264
14 268
14 274
14 276
14 277
14 289
14 290
15 125
15 127
15 130
15 138
15 139
15 141
15 144
15 145
15 146
15 148
15 153
15 158
15 159
15 165
15 170
15 171
15 176
15 180
15 184
15 186
15 192
15 194
15 196
15 197
15 198
15 199
15 201
15 203
15 204
15 205
15 211
15 217
15 222
15 223
15 227
15 233
15 234
15 236
15 239
15 240
15 249
15 251
15 260
15 262
15 270
15 277
15 281
15 282
15 285
15 288
16 125
16 126
16 136
16 152
16 153
16 156
16 161
16 166
16 168
16 170
16 177
16 183
16 185
16 190
16 196
16 201
16 202
16 206
16 213
16 218
16 219
16 224
16 225
16 226
16 229
16 230
16 234
16 238
16 243
16 244
16 245
16 250
16 251
16 261
16 263
16 267
16 271
16 274
16 279
16 283
16 284
16 288
16 290
17 129
17 133
17 137
17 139
17 140
17 142
17 146
17 148
17 149
17 152
17 159
17 164
17 165
17 171
17 174
17 175
17 176
17 179
17 180
17 182
17 183
17 185
17 191
17 193
17 195
17 201
17 202
17 205
17 210
17 211
17 223
17 225
17 230
17 234
17 236
17 245
17 251
17 254
17 263
17 266
17 267
17 268
17 272
17 274
17 279
17 287
17 289
17 291
18 125
18 126
18 129
18 130
18 131
18 133
18 135
18 136
18 142
18 149
18 153
18 154
18 156
18 160
18 165
18 167
18 168
18 169
18 170
18 173
18 179
18 181
18 182
18 184
18 185
18 192
18 199
18 204
18 207
18 210
18 211
18 213
18 215
18 225
18 226
18 231
18 234
18 240
18 242
18 246
18 247
18 249
18 254
18 256
18 259
18 262
18 263
18 265
18 269
18 275
18 282
18 283
18 284
18 285
18 288
18 291
19 127
19 128
19 131
19 132
19 135
19 136
19 143
19 146
19 148
19 149
19 152
19 154
19 155
19 161
19 166
19 168
19 169
19 171
19 172
19 178
19 180
19 186
19 194
19 200
19 202
19 207
19 208
19 211
19 213
19 214
19 217
19 220
19 222
19 231
19 232
19 240
19 246
19 249
19 251
19 252
19 257
19 261
19 262
19 283
19 285
19 287
19 288
19 289
20 126
20 131
20 135
20 139
20 140
20 142
20 144
20 150
20 152
20 155
20 158
20 160
20 162
20 164
20 167
20 170
20 184
20 189
20 193
20 197
20 198
20 201
20 202
20 203
20 207
20 208
20 212
20 214
20 217
20 218
20 219
20 221
20 222
20 225
20 226
20 228
20 229
20 231
20 233
20 236
20 245
20 247
20 248
20 251
20 255
20 263
20 265
20 266
20 268
20 269
20 276
20 282
20 284
20 287
20 289
21 129
21 130
21 138
21 140
21 141
21 143
21 146
21 147
21 152
21 155
21 156
21 158
21 169
21 173
21 176
21 182
21 183
21 186
21 188
21 191
21 194
21 196
21 197
21 199
21 200
21 201
21 202
21 209
21 219
21 220
21 223
21 224
21 225
21 243
21 250
21 253
21 258
21 259
21 261
21 263
21 267
21 279
21 280
21 284
21 286
21 288
21 289
22 127
22 129
22 131
22 133
22 134
22 146
22 151
22 152
22 154
22 155
22 160
22 162
22 165
22 169
22 170
22 177
22 182
22 184
22 185
22 186
22 189
22 191
22 195
22 197
22 198
22 204
22 206
22 207
22 210
22 211
22 212
22 219
22 220
22 221
22 222
22 227
22 228
22 229
22 231
22 235
22 236
22 238
22 245
22 246
22 247
22 253
22 254
22 260
22 263
22 266
22 270
22 271
22 275
22 276
22 278
22 283
22 287
22 289
22 291
23 129
23 130
23 135
23 138
23 144
23 149
23 150
23 152
23 156
23 164
23 167
23 171
23 172
23 176
23 177
23 180
23 184
23 189
23 190
23 192
23 196
23 200
23 201
23 204
23 205
23 208
23 209
23 211
23 214
23 220
23 224
23 226
23 230
23 232
23 233
23 234
23 242
23 250
23 251
23 253
23 254
23 258
23 259
23 260
23 263
23 269
23 272
23 276
23 280
24 132
24 133
24 135
24 139
24 147
24 155
24 156
24 167
24 168
24 170
24 173
24 176
24 179
24 186
24 188
24 196
24 200
24 202
24 203
24 204
24 209
24 213
24 215
24 216
24 217
24 218
24 232
24 237
24 240
24 246
24 248
24 249
24 250
24 251
24 258
24 267
24 268
24 270
24 273
24 274
24 275
24 276
24 277
24 279
24 285
24 287
24 288
25 125
25 127
25 130
25 133
25 144
25 146
25 154
25 156
25 162
25 164
25 175
25 178
25 180
25 186
25 192
25 193
25 195
25 198
25 201
25 206
25 207
25 208
25 209
25 212
25 215
25 216
25 222
25 223
25 224
25 225
25 229
25 230
25 231
25 232
25 237
25 246
25 251
25 252
25 253
25 254
25 259
25 260
25 266
25 267
25 269
25 272
25 275
25 279
25 284
25 285
25 291
26 130
26 136
26 137
26 143
26 144
26 145
26 147
26 148
26 149
26 151
26 152
26 159
26 160
26 161
26 162
26 163
26 166
26 170
26 171
26 174
26 178
26 181
26 185
26 193
26 195
26 196
26 200
26 204
26 207
26 212
26 216
26 222
26 225
26 234
26 241
26 244
26 245
26 247
26 248
26 253
26 254
26 257
26 259
26 261
26 274
26 281
26 284
26 285
26 291
27 128
27 130
27 132
27 138
27 140
27 141
27 143
27 146
27 149
27 153
27 157
27 159
27 166
27 172
27 174
27 175
27 176
27 178
27 180
27 181
27 193
27 196
27 199
27 205
27 206
27 215
27 218
27 225
27 231
27 237
27 242
27 243
27 244
27 250
27 253
27 254
27 259
27 261
27 262
27 267
27 273
27 281
27 283
27 286
27 289
28 125
28 128
28 129
28 132
28 134
28 137
28 140
28 145
28 147
28 153
28 162
28 165
28 166
28 169
28 177
28 181
28 184
28 186
28 187
28 188
28 189
28 195
28 200
28 204
28 215
28 216
28 220
28 222
28 226
28 227
28 231
28 232
28 237
28 240
28 242
28 247
28 252
28 260
28 265
28 272
28 273
28 275
28 278
28 279
28 282
28 284
28 286
28 290
29 125
29 128
29 130
29 131
29 137
29 140
29 145
29 146
29 149
29 154
29 156
29 159
29 160
29 166
29 170
29 178
29 185
29 186
29 194
29 195
29 196
29 197
29 203
29 204
29 205
29 207
29 215
29 216
29 220
29 221
29 224
29 226
29 227
29 228
29 236
29 237
29 238
29 240
29 245
29 249
29 253
29 254
29 256
29 263
29 264
29 271
29 272
29 273
29 274
29 275
29 276
29 279
29 283
29 285
29 288
29 289
30 126
30 130
30 131
30 135
30 141
30 156
30 158
30 159
30 164
30 168
30 169
30 170
30 171
30 172
30 175
30 180
30 184
30 185
30 187
30 194
30 195
30 196
30 198
30 199
30 202
30 204
30 213
30 218
30 223
30 225
30 228
30 229
30 231
30 232
30 233
30 235
30 236
30 237
30 240
30 243
30 247
30 250
30 253
30 254
30 255
30 258
30 261
30 262
30 264
30 265
30 267
30 269
30 270
30 276
30 281
30 285
30 286
31 126
31 129
31 131
31 135
31 137
31 144
31 149
31 152
31 153
31 155
31 158
31 159
31 168
31 171
31 172
31 173
31 174
31 178
31 179
31 193
31 194
31 199
31 201
31 205
31 206
31 214
31 215
31 218
31 226
31 227
31 228
31 233
31 243
31 246
31 248
31 249
31 253
31 256
31 265
31 266
31 276
31 281
31 284
31 286
31 288
31 289
32 130
32 132
32 133
32 136
32 139
32 140
32 145
32 147
32 149
32 151
32 153
32 155
32 156
32 164
32 167
32 170
32 172
32 173
32 174
32 180
32 185
32 186
32 188
32 197
32 198
32 203
32 206
32 211
32 219
32 222
32 225
32 229
32 230
32 233
32 235
32 236
32 239
32 240
32 241
32 247
32 251
32 252
32 266
32 273
32 290
33 129
33 130
33 131
33 132
33 134
33 139
33 141
33 142
33 144
33 147
33 148
33 149
33 154
33 155
33 156
33 158
33 161
33 168
33 169
33 170
33 171
33 175
33 176
33 185
33 189
33 198
33 202
33 203
33 208
33 210
33 211
33 217
33 218
33 222
33 226
33 227
33 228
33 229
33 232
33 242
33 243
33 245
33 251
33 252
33 253
33 256
33 261
33 262
33 263
33 266
33 267
33 269
33 270
33 277
33 286
33 287
33 288
33 289
34 139
34 140
34 146
34 147
34 150
34 156
34 160
34 162
34 163
34 164
34 165
34 169
34 172
34 174
34 175
34 179
34 180
34 181
34 183
34 184
34 185
34 189
34 192
34 199
34 207
34 211
34 214
34 218
34 221
34 231
34 234
34 236
34 244
34 246
34 247
34 248
34 250
34 256
34 258
34 273
34 274
34 277
34 278
34 279
34 287
34 291
35 127
35 128
35 131
35 137
35 144
35 146
35 148
35 159
35 164
35 173
35 176
35 179
35 180
35 183
35 189
35 193
35 196
35 198
35 199
35 200
35 201
35 202
35 203
35 207
35 209
35 214
35 215
35 216
35 217
35 219
35 220
35 227
35 228
35 232
35 233
35 235
35 238
35 240
35 242
35 247
35 250
35 251
35 254
35 259
35 260
35 266
35 268
35 269
35 271
35 274
35 276
35 283
35 287
35 289
36 126
36 133
36 143
36 144
36 146
36 147
36 150
36 151
36 158
36 159
36 166
36 168
36 173
36 175
36 176
36 177
36 179
36 181
36 196
36 197
36 199
36 203
36 204
36 205
36 211
36 212
36 213
36 214
36 217
36 218
36 219
36 222
36 224
36 229
36 232
36 234
36 235
36 239
36 245
36 246
36 247
36 248
36 250
36 264
36 268
36 276
36 283
36 284
36 286
36 290
37 126
37 127
37 132
37 134
37 137
37 143
37 144
37 147
37 149
37 150
37 151
37 155
37 156
37 157
37 159
37 160
37 162
37 164
37 166
37 167
37 170
37 172
37 173
37 180
37 197
37 200
37 207
37 208
37 212
37 217
37 219
37 223
37 225
37 228
37 229
37 233
37 234
37 236
37 239
37 240
37 244
37 250
37 251
37 253
37 255
37 258
37 263
37 267
37 268
37 271
37 273
37 274
37 275
37 278
37 284
37 286
38 129
38 137
38 139
38 141
38 142
38 150
38 153
38 155
38 156
38 161
38 166
38 175
38 179
38 181
38 189
38 205
38 209
38 221
38 222
38 223
38 228
38 229
38 232
38 241
38 244
38 247
38 248
38 254
38 256
38 260
38 264
38 266
38 267
38 271
38 277
38 283
38 284
38 286
38 288
39 126
39 128
39 131
39 137
39 138
39 140
39 142
39 146
39 148
39 149
39 152
39 161
39 164
39 166
39 170
39 171
39 173
39 176
39 181
39 184
39 185
39 197
39 198
39 207
39 208
39 212
39 216
39 217
39 219
39 221
39 232
39 239
39 241
39 245
39 246
39 248
39 249
39 250
39 254
39 256
39 258
39 261
39 263
39 265
39 272
39 276
39 277
39 281
39 283
39 286
40 128
40 130
40 132
40 133
40 136
40 138
40 139
40 145
40 146
40 152
40 153
40 157
40 158
40 164
40 169
40 174
40 180
40 182
40 184
40 187
40 188
40 189
40 193
40 196
40 199
40 201
40 202
40 205
40 206
40 218
40 219
40 222
40 224
40 226
40 229
40 230
40 238
40 239
40 247
40 248
40 255
40 256
40 257
40 259
40 260
40 261
40 265
40 269
40 270
40 273
40 276
40 277
40 278
40 279
40 280
41 129
41 131
41 133
41 136
41 140
41 144
41 147
41 151
41 153
41 154
41 157
41 165
41 170
41 173
41 174
41 176
41 180
41 182
41 186
41 187
41 192
41 193
41 205
41 218
41 219
41 222
41 229
41 233
41 237
41 239
41 241
41 243
41 244
41 249
41 250
41 257
41 263
41 265
41 272
41 273
41 274
41 275
41 281
41 282
41 283
41 286
41 290
42 130
42 132
42 133
42 134
42 138
42 147
42 148
42 150
42 151
42 153
42 158
42 163
42 166
42 167
42 171
42 175
42 176
42 177
42 179
42 183
42 185
42 186
42 188
42 189
42 190
42 191
42 193
42 196
42 201
42 202
42 211
42 218
42 219
42 224
42 227
42 232
42 233
42 236
42 237
42 247
42 251
42 259
42 260
42 265
42 266
42 267
42 270
42 271
42 272
42 274
42 275
42 277
42 280
42 281
42 282
42 285
42 289
43 127
43 128
43 131
43 139
43 149
43 150
43 162
43 163
43 164
43 168
43 169
43 170
43 172
43 178
43 181
43 182
43 184
43 186
43 187
43 189
43 193
43 195
43 200
43 204
43 205
43 206
43 212
43 215
43 217
43 218
43 219
43 221
43 222
43 230
43 238
43 240
43 241
43 244
43 245
43 247
43 254
43 260
43 261
43 262
43 266
43 272
43 274
43 283
43 284
43 286
44 129
44 132
44 134
44 135
44 136
44 141
44 144
44 148
44 149
44 154
44 157
44 162
44 171
44 172
44 174
44 175
44 176
44 177
44 182
44 183
44 187
44 188
44 189
44 194
44 195
44 199
44 202
44 203
44 205
44 211
44 218
44 219
44 221
44 226
44 228
44 229
44 230
44 231
44 234
44 235
44 241
44 248
44 257
44 258
44 263
44 267
44 270
44 275
44 278
44 290
45 125
45 131
45 136
45 139
45 140
45 141
45 145
45 147
45 148
45 149
45 153
45 155
45 159
45 160
45 161
45 162
45 168
45 169
45 170
45 174
45 182
45 184
45 188
45 192
45 198
45 201
45 203
45 205
45 211
45 213
45 214
45 215
45 219
45 223
45 224
45 226
45 227
45 228
45 235
45 239
45 244
45 246
45 248
45 255
45 258
45 266
45 271
45 275
45 276
45 278
45 281
45 282
45 285
45 287
46 126
46 128
46 134
46 136
46 139
46 145
46 150
46 154
46 160
46 162
46 164
46 167
46 170
46 172
46 179
46 182
46 186
46 189
46 194
46 195
46 199
46 201
46 202
46 203
46 204
46 206
46 209
46 213
46 215
46 216
46 232
46 233
46 249
46 253
46 255
46 256
46 262
46 263
46 265
46 266
46 269
46 270
46 277
46 279
46 284
46 285
46 287
46 291
47 129
47 131
47 133
47 137
47 143
47 152
47 154
47 159
47 167
47 168
47 171
47 174
47 177
47 185
47 191
47 193
47 194
47 195
47 202
47 206
47 210
47 211
47 214
47 216
47 228
47 230
47 232
47 235
47 236
47 244
47 245
47 248
47 250
47 256
47 257
47 260
47 261
47 262
47 263
47 266
47 267
47 269
47 272
47 273
47 275
47 278
47 281
47 282
47 286
47 289
48 126
48 133
48 135
48 138
48 139
48 140
48 146
48 151
48 152
48 153
48 155
48 156
48 157
48 169
48 174
48 176
48 177
48 179
48 180
48 185
48 192
48 194
48 198
48 200
48 202
48 203
48 204
48 209
48 213
48 215
48 217
48 222
48 224
48 226
48 227
48 232
48 236
48 240
48 242
48 244
48 247
48 251
48 252
48 254
48 257
48 265
48 266
48 267
48 269
48 270
48 273
48 275
48 276
48 278
48 280
48 281
48 286
48 289
49 127
49 128
49 129
49 135
49 138
49 140
49 142
49 147
49 148
49 149
49 156
49 158
49 161
49 162
49 164
49 165
49 169
49 170
49 175
49 178
49 182
49 192
49 194
49 195
49 197
49 202
49 205
49 211
49 212
49 214
49 215
49 216
49 217
49 222
49 234
49 237
49 242
49 244
49 245
49 246
49 248
49 250
49 252
49 253
49 258
49 271
49 273
49 276
49 277
49 288
49 289
49 291
50 128
50 129
50 130
50 139
50 140
50 143
50 145
50 146
50 147
50 148
50 153
50 159
50 160
50 164
50 165
50 168
50 169
50 170
50 177
50 179
50 182
50 187
50 189
50 192
50 194
50 198
50 200
50 201
50 205
50 206
50 211
50 215
50 216
50 219
50 226
50 229
50 232
50 237
50 241
50 242
50 244
50 247
50 248
50 255
50 261
50 262
50 265
50 267
50 269
50 275
50 276
50 279
50 286
50 288
50 289
51 128
51 129
51 131
51 132
51 138
51 142
51 144
51 149
51 152
51 159
51 160
51 163
51 164
51 165
51 173
51 177
51 178
51 179
51 185
51 186
51 188
51 191
51 193
51 194
51 195
51 200
51 202
51 207
51 209
51 213
51 221
51 222
51 225
51 226
51 228
51 229
51 231
51 232
51 235
51 236
51 243
51 245
51 246
51 255
51 257
51 260
51 266
51 267
51 269
51 270
51 278
51 279
51 281
51 283
51 285
51 286
52 126
52 129
52 130
52 136
52 140
52 141
52 146
52 149
52 150
52 152
52 155
52 158
52 160
52 161
52 162
52 163
52 165
52 169
52 170
52 172
52 183
52 186
52 187
52 189
52 190
52 191
52 193
52 197
52 201
52 202
52 203
52 208
52 209
52 213
52 214
52 216
52 218
52 223
52 227
52 244
52 245
52 247
52 250
52 254
52 257
52 261
52 262
52 263
52 264
52 274
52 275
52 277
52 285
52 286
52 287
53 125
53 129
53 130
53 131
53 133
53 141
53 143
53 147
53 148
53 155
53 158
53 159
53 164
53 167
53 168
53 169
53 170
53 173
53 175
53 176
53 192
53 198
53 202
53 203
53 204
53 207
53 208
53 210
53 211
53 217
53 218
53 219
53 223
53 224
53 227
53 230
53 231
53 233
53 235
53 236
53 241
53 253
53 257
53 268
53 269
53 270
53 280
53 281
53 286
53 287
53 290
54 128
54 132
54 134
54 135
54 140
54 141
54 152
54 155
54 165
54 168
54 169
54 170
54 172
54 179
54 181
54 185
54 186
54 188
54 190
54 191
54 195
54 197
54 208
54 212
54 214
54 215
54 216
54 221
54 222
54 225
54 229
54 231
54 233
54 237
54 239
54 242
54 243
54 244
54 248
54 259
54 263
54 274
54 280
54 286
54 290
55 126
55 128
55 131
55 135
55 137
55 140
55 143
55 144
55 145
55 147
55 148
55 149
55 155
55 160
55 162
55 163
55 164
55 174
55 179
55 186
55 189
55 194
55 195
55 196
55 201
55 203
55 206
55 211
55 213
55 215
55 221
55 222
55 224
55 229
55 232
55 237
55 241
55 246
55 251
55 252
55 253
55 257
55 258
55 264
55 265
55 275
55 279
55 280
55 281
55 285
55 286
55 287
55 289
56 128
56 133
56 141
56 143
56 144
56 152
56 155
56 156
56 157
56 161
56 168
56 175
56 179
56 180
56 181
56 183
56 185
56 186
56 192
56 196
56 197
56 200
56 206
56 211
56 212
56 215
56 216
56 225
56 228
56 231
56 232
56 234
56 235
56 249
56 250
56 255
56 258
56 260
56 274
56 275
56 278
56 279
56 281
56 285
56 286
56 290
57 125
57 128
57 129
57 130
57 131
57 135
57 139
57 141
57 146
57 152
57 155
57 157
57 164
57 170
57 171
57 172
57 175
57 178
57 185
57 189
57 193
57 196
57 202
57 203
57 204
57 205
57 207
57 209
57 211
57 220
57 222
57 224
57 225
57 227
57 229
57 233
57 240
57 244
57 250
57 256
57 265
57 267
57 272
57 275
57 281
57 286
57 290
58 125
58 127
58 131
58 132
58 141
58 142
58 143
58 147
58 154
58 159
58 163
58 166
58 170
58 175
58 190
58 198
58 199
58 201
58 210
58 212
58 213
58 215
58 217
58 221
58 224
58 226
58 235
58 236
58 237
58 239
58 246
58 248
58 254
58 257
58 262
58 263
58 264
58 265
58 267
58 270
58 272
58 273
58 274
58 275
58 278
58 280
58 283
58 284
58 287
59 131
59 141
59 142
59 144
59 162
59 163
59 165
59 166
59 168
59 169
59 170
59 171
59 175
59 176
59 188
59 194
59 198
59 199
59 201
59 202
59 204
59 207
59 209
59 211
59 213
59 219
59 220
59 221
59 222
59 224
59 225
59 226
59 230
59 231
59 238
59 239
59 249
59 252
59 253
59 257
59 258
59 259
59 265
59 266
59 270
59 273
59 274
59 275
59 281
59 290
60 132
60 135
60 137
60 138
60 139
60 142
60 143
60 145
60 153
60 154
60 160
60 166
60 167
60 169
60 170
60 176
60 177
60 179
60 181
60 184
60 195
60 198
60 206
60 209
60 213
60 215
60 219
60 223
60 224
60 229
60 234
60 235
60 239
60 244
60 245
60 246
60 247
60 249
60 264
60 266
60 275
60 282
60 284
60 288
60 289
60 290
61 131
61 132
61 137
61 142
61 150
61 151
61 166
61 171
61 172
61 178
61 185
61 190
61 201
61 207
61 208
61 211
61 218
61 220
61 223
61 224
61 228
61 229
61 232
61 235
61 251
61 257
61 259
61 266
61 267
61 270
61 271
61 273
61 274
61 291
62 126
62 128
62 134
62 137
62 139
62 145
62 146
62 147
62 148
62 150
62 154
62 155
62 158
62 165
62 166
62 169
62 170
62 171
62 174
62 181
62 182
62 184
62 196
62 197
62 199
62 207
62 212
62 217
62 223
62 232
62 234
62 235
62 240
62 250
62 252
62 258
62 262
62 268
62 276
62 277
62 280
62 281
62 282
62 286
62 287
62 288
63 127
63 129
63 131
63 132
63 133
63 134
63 139
63 141
63 144
63 152
63 156
63 160
63 161
63 165
63 170
63 171
63 175
63 176
63 183
63 186
63 187
63 191
63 193
63 194
63 195
63 202
63 204
63 206
63 210
63 219
63 224
63 227
63 229
63 234
63 235
63 245
63 246
63 248
63 250
63 252
63 254
63 262
63 263
63 265
63 266
63 273
63 274
63 276
63 282
63 286
63 289
63 290
64 125
64 126
64 131
64 132
64 133
64 134
64 136
64 140
64 142
64 143
64 144
64 146
64 154
64 155
64 157
64 158
64 159
64 161
64 167
64 168
64 171
64 172
64 173
64 174
64 176
64 179
64 183
64 191
64 193
64 197
64 201
64 204
64 207
64 208
64 209
64 215
64 219
64 222
64 223
64 224
64 229
64 230
64 233
64 236
64 239
64 247
64 249
64 252
64 261
64 268
64 278
64 279
64 281
64 286
64 287
64 288
65 125
65 126
65 127
65 131
65 132
65 133
65 134
65 135
65 136
65 138
65 143
65 146
65 147
65 149
65 152
65 156
65 159
65 160
65 161
65 162
65 164
65 168
65 172
65 177
65 179
65 181
65 184
65 187
65 188
65 189
65 193
65 196
65 202
65 204
65 205
65 206
65 208
65 210
65 217
65 219
65 220
65 226
65 227
65 231
65 234
65 236
65 240
65 242
65 249
65 252
65 256
65 259
65 261
65 263
65 266
65 273
65 275
65 279
65 285
65 291
66 127
66 129
66 137
66 138
66 142
66 145
66 147
66 150
66 152
66 154
66 159
66 161
66 162
66 174
66 176
66 178
66 182
66 184
66 193
66 197
66 198
66 199
66 201
66 207
66 209
66 216
66 217
66 218
66 222
66 227
66 229
66 230
66 233
66 234
66 239
66 241
66 248
66 250
66 252
66 256
66 262
66 263
66 264
66 276
66 281
66 282
66 285
66 286
66 287
66 288
66 290
67 126
67 128
67 129
67 130
67 131
67 132
67 134
67 141
67 142
67 144
67 145
67 148
67 152
67 153
67 156
67 160
67 161
67 163
67 164
67 165
67 166
67 169
67 170
67 171
67 174
67 182
67 188
67 189
67 195
67 200
67 201
67 204
67 206
67 207
67 214
67 219
67 220
67 227
67 229
67 230
67 231
67 235
67 237
67 240
67 246
67 254
67 257
67 258
67 263
67 273
67 274
67 280
67 282
67 284
67 285
67 290
68 128
68 133
68 135
68 137
68 139
68 140
68 150
68 151
68 163
68 165
68 170
68 174
68 179
68 181
68 186
68 191
68 199
68 209
68 210
68 211
68 214
68 216
68 219
68 221
68 225
68 226
68 228
68 229
68 232
68 236
68 238
68 241
68 248
68 253
68 254
68 256
68 259
68 278
68 279
68 283
68 288
68 289
68 290
69 125
69 127
69 129
69 131
69 138
69 144
69 150
69 152
69 153
69 154
69 156
69 157
69 160
69 162
69 172
69 175
69 177
69 180
69 181
69 191
69 193
69 194
69 195
69 196
69 204
69 207
69 213
69 214
69 216
69 218
69 219
69 222
69 226
69 227
69 228
69 229
69 230
69 233
69 237
69 239
69 245
69 246
69 251
69 252
69 255
69 260
69 263
69 269
69 270
69 272
69 279
69 283
69 291
70 125
70 126
70 131
70 135
70 138
70 145
70 151
70 155
70 164
70 175
70 177
70 179
70 182
70 183
70 189
70 194
70 195
70 196
70 197
70 198
70 204
70 205
70 207
70 208
70 209
70 213
70 214
70 216
70 217
70 219
70 226
70 230
70 233
70 236
70 241
70 243
70 244
70 251
70 253
70 254
70 256
70 261
70 267
70 269
70 272
70 273
70 278
70 279
70 284
70 285
70 287
70 288
70 290
71 125
71 126
71 128
71 129
71 131
71 134
71 135
71 139
71 140
71 145
71 146
71 147
71 148
71 153
71 156
71 158
71 159
71 162
71 164
71 165
71 166
71 170
71 172
71 177
71 180
71 181
71 184
71 185
71 186
71 187
71 201
71 206
71 207
71 208
71 211
71 212
71 213
71 216
71 217
71 219
71 226
71 233
71 235
71 236
71 238
71 241
71 250
71 251
71 253
71 258
71 259
71 260
71 262
71 265
71 266
71 270
71 277
71 284
71 285
71 287
71 289
71 290
71 291
72 125
72 127
72 129
72 134
72 135
72 136
72 138
72 139
72 143
72 144
72 147
72 151
72 158
72 166
72 190
72 191
72 193
72 195
72 196
72 206
72 212
72 217
72 220
72 223
72 224
72 226
72 227
72 228
72 230
72 233
72 236
72 243
72 244
72 247
72 252
72 259
72 261
72 275
72 281
72 283
72 288
73 125
73 128
73 137
73 138
73 139
73 150
73 155
73 157
73 158
73 159
73 161
73 163
73 170
73 176
73 178
73 179
73 184
73 185
73 186
73 187
73 191
73 192
73 194
73 197
73 199
73 200
73 209
73 224
73 234
73 237
73 240
73 244
73 246
73 247
73 249
73 250
73 257
73 270
73 271
73 272
73 273
73 277
73 279
73 283
73 284
73 286
73 288
74 126
74 136
74 138
74 139
74 144
74 145
74 152
74 153
74 155
74 157
74 160
74 162
74 169
74 174
74 176
74 179
74 188
74 194
74 198
74 199
74 202
74 203
74 207
74 211
74 215
74 217
74 221
74 222
74 224
74 228
74 234
74 238
74 239
74 244
74 247
74 248
74 253
74 254
74 256
74 259
74 265
74 266
74 267
74 268
74 274
74 281
74 284
74 285
74 287
74 289
74 291
75 125
75 129
75 130
75 133
75 134
75 138
75 148
75 149
75 151
75 154
75 156
75 158
75 160
75 161
75 166
75 170
75 172
75 174
75 175
75 176
75 180
75 185
75 187
75 201
75 202
75 203
75 204
75 205
75 208
75 210
75 223
75 225
75 228
75 230
75 235
75 236
75 241
75 242
75 244
75 245
75 249
75 257
75 259
75 260
75 263
75 265
75 267
75 269
75 271
75 274
75 275
75 278
75 284
75 290
75 291
76 128
76 131
76 133
76 143
76 144
76 145
76 153
76 154
76 156
76 161
76 179
76 182
76 183
76 184
76 191
76 193
76 195
76 197
76 198
76 202
76 203
76 209
76 210
76 216
76 218
76 222
76 226
76 242
76 248
76 252
76 255
76 259
76 262
76 273
76 274
76 276
76 279
76 284
76 285
76 291
77 125
77 128
77 133
77 138
77 139
77 144
77 145
77 146
77 150
77 151
77 155
77 158
77 163
77 167
77 168
77 170
77 175
77 179
77 180
77 191
77 193
77 195
77 199
77 200
77 204
77 205
77 206
77 212
77 216
77 218
77 224
77 225
77 226
77 229
77 233
77 234
77 237
77 240
77 242
77 244
77 247
77 248
77 256
77 259
77 260
77 262
77 263
77 269
77 272
77 274
77 285
77 286
78 129
78 131
78 138
78 143
78 144
78 146
78 148
78 151
78 152
78 153
78 157
78 158
78 159
78 162
78 165
78 169
78 171
78 172
78 176
78 177
78 178
78 180
78 183
78 189
78 193
78 196
78 198
78 200
78 202
78 209
78 210
78 215
78 226
78 229
78 231
78 232
78 236
78 238
78 243
78 245
78 248
78 253
78 256
78 260
78 261
78 263
78 268
78 271
78 273
78 281
78 282
78 286
78 287
78 290
79 131
79 134
79 135
79 139
79 153
79 154
79 156
79 161
79 163
79 164
79 166
79 171
79 181
79 186
79 189
79 191
79 194
79 197
79 198
79 200
79 212
79 213
79 214
79 218
79 219
79 223
79 224
79 227
79 229
79 231
79 236
79 238
79 240
79 243
79 245
79 248
79 252
79 253
79 254
79 256
79 258
79 259
79 265
79 268
79 269
79 270
79 272
79 275
79 276
79 278
79 284
79 288
80 125
80 130
80 131
80 132
80 137
80 139
80 143
80 151
80 153
80 154
80 157
80 159
80 163
80 177
80 181
80 183
80 185
80 186
80 191
80 192
80 194
80 202
80 203
80 211
80 220
80 224
80 231
80 232
80 238
80 242
80 243
80 245
80 246
80 254
80 262
80 263
80 264
80 268
80 273
80 274
80 275
80 280
80 284
81 132
81 133
81 140
81 153
81 154
81 156
81 160
81 164
81 165
81 167
81 168
81 169
81 170
81 171
81 181
81 182
81 183
81 184
81 185
81 188
81 197
81 200
81 203
81 204
81 206
81 212
81 213
81 214
81 215
81 216
81 219
81 221
81 223
81 234
81 238
81 240
81 241
81 245
81 248
81 254
81 266
81 269
81 272
81 283
81 286
81 288
81 289
81 291
82 128
82 130
82 138
82 143
82 155
82 160
82 166
82 171
82 173
82 176
82 183
82 184
82 188
82 191
82 192
82 201
82 203
82 205
82 210
82 213
82 215
82 218
82 219
82 221
82 226
82 228
82 229
82 233
82 239
82 242
82 244
82 246
82 255
82 256
82 258
82 260
82 266
82 271
82 273
82 274
82 284
82 287
82 288
83 125
83 127
83 129
83 130
83 141
83 142
83 144
83 145
83 147
83 150
83 151
83 152
83 154
83 155
83 157
83 161
83 162
83 168
83 170
83 175
83 178
83 179
83 181
83 186
83 187
83 192
83 198
83 203
83 205
83 206
83 207
83 212
83 215
83 218
83 220
83 225
83 227
83 228
83 231
83 232
83 234
83 235
83 238
83 242
83 243
83 244
83 252
83 254
83 258
83 259
83 260
83 263
83 264
83 266
83 276
83 279
83 282
83 286
83 287
83 290
83 291
84 125
84 126
84 131
84 134
84 135
84 142
84 147
84 152
84 159
84 161
84 164
84 170
84 171
84 173
84 176
84 181
84 182
84 183
84 184
84 186
84 190
84 192
84 195
84 198
84 199
84 200
84 203
84 204
84 205
84 206
84 209
84 215
84 217
84 218
84 219
84 223
84 226
84 228
84 229
84 232
84 233
84 234
84 238
84 239
84 240
84 242
84 246
84 247
84 250
84 256
84 260
84 273
84 281
84 282
84 285
84 287
84 291
85 125
85 126
85 131
85 132
85 134
85 135
85 141
85 146
85 147
85 152
85 158
85 163
85 166
85 167
85 168
85 172
85 174
85 176
85 177
85 179
85 184
85 186
85 188
85 193
85 194
85 197
85 198
85 201
85 202
85 205
85 209
85 218
85 220
85 225
85 227
85 231
85 235
85 241
85 242
85 246
85 250
85 256
85 258
85 259
85 262
85 274
85 277
85 278
85 285
86 125
86 129
86 130
86 131
86 134
86 140
86 142
86 147
86 151
86 152
86 154
86 156
86 157
86 160
86 162
86 169
86 171
86 175
86 178
86 181
86 182
86 183
86 187
86 189
86 194
86 195
86 196
86 201
86 203
86 204
86 205
86 206
86 213
86 217
86 222
86 224
86 225
86 229
86 234
86 235
86 237
86 239
86 240
86 249
86 251
86 255
86 264
86 265
86 268
86 270
86 273
86 280
86 286
86 288
87 125
87 129
87 130
87 134
87 136
87 137
87 138
87 143
87 144
87 148
87 150
87 159
87 160
87 164
87 166
87 169
87 174
87 176
87 178
87 180
87 182
87 189
87 191
87 192
87 193
87 197
87 201
87 204
87 205
87 206
87 207
87 225
87 226
87 227
87 228
87 231
87 232
87 237
87 238
87 239
87 243
87 248
87 250
87 251
87 255
87 256
87 264
87 265
87 267
87 269
87 271
87 272
87 276
87 278
87 279
87 280
87 281
87 282
87 283
87 285
87 286
88 129
88 132
88 133
88 135
88 136
88 139
88 142
88 145
88 148
88 149
88 151
88 153
88 156
88 159
88 161
88 167
88 171
88 172
88 174
88 176
88 180
88 181
88 187
88 188
88 189
88 190
88 192
88 199
88 200
88 212
88 216
88 220
88 222
88 230
88 231
88 234
88 240
88 246
88 248
88 253
88 257
88 259
88 263
88 268
88 270
88 271
88 273
88 284
88 285
88 287
88 289
88 291
89 126
89 128
89 134
89 135
89 138
89 139
89 141
89 142
89 145
89 146
89 147
89 149
89 151
89 156
89 165
89 166
89 167
89 172
89 176
89 180
89 185
89 186
89 190
89 195
89 196
89 198
89 202
89 204
89 209
89 212
89 213
89 214
89 222
89 223
89 227
89 230
89 238
89 242
89 244
89 247
89 250
89 252
89 255
89 256
89 260
89 265
89 267
89 268
89 269
89 270
89 277
89 279
89 288
90 126
90 127
90 129
90 130
90 133
90 138
90 139
90 140
90 146
90 147
90 153
90 157
90 165
90 167
90 168
90 170
90 171
90 172
90 175
90 176
90 179
90 180
90 191
90 199
90 201
90 208
90 215
90 217
90 218
90 220
90 227
90 236
90 238
90 239
90 242
90 251
90 253
90 258
90 259
90 268
90 270
90 277
90 279
90 281
90 283
90 284
90 286
90 288
90 290
91 125
91 126
91 127
91 129
91 130
91 135
91 136
91 142
91 145
91 146
91 149
91 150
91 152
91 153
91 157
91 161
91 166
91 169
91 170
91 171
91 172
91 174
91 176
91 177
91 186
91 190
91 193
91 210
91 213
91 214
91 215
91 217
91 218
91 221
91 233
91 235
91 238
91 242
91 244
91 247
91 248
91 249
91 252
91 257
91 259
91 262
91 268
91 276
91 277
91 282
91 283
91 285
91 288
91 291
92 134
92 136
92 137
92 141
92 142
92 143
92 144
92 147
92 151
92 158
92 159
92 160
92 164
92 172
92 173
92 174
92 175
92 178
92 188
92 195
92 199
92 205
92 206
92 210
92 226
92 228
92 229
92 231
92 233
92 240
92 244
92 245
92 251
92 252
92 253
92 256
92 264
92 278
92 281
92 283
92 289
92 290
92 291
93 127
93 129
93 131
93 133
93 134
93 135
93 136
93 140
93 142
93 146
93 147
93 153
93 160
93 170
93 173
93 179
93 180
93 182
93 186
93 187
93 188
93 190
93 191
93 192
93 194
93 200
93 203
93 205
93 221
93 222
93 225
93 227
93 228
93 231
93 232
93 236
93 238
93 240
93 243
93 244
93 246
93 247
93 249
93 252
93 254
93 258
93 261
93 264
93 274
93 282
93 284
94 127
94 130
94 133
94 137
94 138
94 141
94 142
94 143
94 144
94 146
94 149
94 152
94 155
94 158
94 162
94 164
94 169
94 173
94 174
94 177
94 181
94 183
94 184
94 189
94 194
94 198
94 205
94 207
94 212
94 213
94 220
94 223
94 224
94 225
94 227
94 233
94 235
94 237
94 238
94 249
94 250
94 252
94 255
94 256
94 258
94 261
94 268
94 273
94 275
94 280
94 291
95 131
95 133
95 134
95 136
95 137
95 140
95 147
95 149
95 153
95 154
95 157
95 159
95 167
95 168
95 174
95 175
95 176
95 179
95 181
95 185
95 192
95 195
95 216
95 217
95 221
95 227
95 231
95 239
95 243
95 244
95 250
95 260
95 263
95 265
95 270
95 278
95 282
95 283
95 291
96 134
96 135
96 137
96 138
96 140
96 142
96 146
96 152
96 161
96 163
96 164
96 186
96 187
96 189
96 190
96 193
96 194
96 195
96 202
96 203
96 204
96 205
96 212
96 214
96 217
96 219
96 224
96 228
96 229
96 236
96 241
96 242
96 253
96 255
96 258
96 264
96 266
96 272
96 273
96 276
96 282
96 284
97 129
97 130
97 131
97 135
97 137
97 138
97 139
97 144
97 151
97 152
97 157
97 158
97 161
97 163
97 164
97 179
97 181
97 182
97 184
97 185
97 186
97 187
97 188
97 191
97 195
97 201
97 202
97 207
97 208
97 213
97 214
97 215
97 216
97 221
97 226
97 227
97 232
97 233
97 234
97 239
97 241
97 243
97 246
97 248
97 251
97 252
97 255
97 260
97 262
97 264
97 267
97 268
97 272
97 276
97 280
97 281
97 282
97 283
97 288
97 289
98 129
98 134
98 135
98 137
98 140
98 141
98 142
98 143
98 145
98 146
98 148
98 149
98 153
98 157
98 165
98 167
98 169
98 170
98 174
98 183
98 185
98 187
98 190
98 192
98 194
98 196
98 197
98 199
98 200
98 204
98 205
98 207
98 216
98 232
98 236
98 238
98 245
98 248
98 250
98 252
98 267
98 268
98 271
98 273
98 275
98 278
98 281
98 288
98 289
99 136
99 140
99 141
99 142
99 143
99 144
99 145
99 146
99 148
99 150
99 154
99 158
99 160
99 163
99 164
99 171
99 173
99 176
99 181
99 182
99 185
99 188
99 192
99 193
99 196
99 197
99 201
99 205
99 207
99 211
99 215
99 219
99 225
99 232
99 234
99 235
99 238
99 239
99 244
99 246
99 248
99 249
99 250
99 263
99 266
99 269
99 271
99 285
99 289
99 290
99 291
100 126
100 131
100 137
100 144
100 154
100 155
100 157
100 162
100 167
100 173
100 176
100 179
100 180
100 184
100 186
100 188
100 194
100 196
100 199
100 208
100 211
100 212
100 214
100 216
100 217
100 224
100 226
100 228
100 229
100 232
100 234
100 239
100 240
100 243
100 246
100 247
100 254
100 265
100 270
100 274
100 275
100 276
100 278
100 279
100 280
100 286
101 126
101 132
101 135
101 140
101 141
101 151
101 153
101 154
101 164
101 165
101 168
101 178
101 180
101 183
101 187
101 194
101 196
101 197
101 202
101 206
101 207
101 208
101 209
101 211
101 214
101 215
101 217
101 218
101 219
101 220
101 230
101 232
101 235
101 239
101 241
101 242
101 243
101 244
101 245
101 246
101 247
101 249
101 254
101 258
101 260
101 264
101 265
101 268
101 269
101 272
101 278
101 281
101 285
101 288
101 289
102 126
102 127
102 133
102 134
102 141
102 142
102 148
102 150
102 154
102 156
102 157
102 158
102 160
102 162
102 163
102 172
102 173
102 183
102 186
102 187
102 191
102 195
102 206
102 212
102 213
102 214
102 218
102 219
102 230
102 233
102 234
102 243
102 245
102 246
102 254
102 255
102 257
102 259
102 263
102 268
102 270
102 271
102 273
102 274
102 281
102 287
102 288
102 289
103 127
103 129
103 135
103 137
103 141
103 142
103 146
103 148
103 149
103 151
103 155
103 156
103 161
103 165
103 173
103 183
103 196
103 198
103 199
103 203
103 205
103 210
103 213
103 218
103 226
103 230
103 236
103 240
103 250
103 252
103 254
103 255
103 259
103 260
103 261
103 264
103 266
103 269
103 275
103 282
103 288
103 291
104 126
104 127
104 129
104 132
104 134
104 138
104 140
104 145
104 152
104 155
104 158
104 160
104 169
104 173
104 182
104 184
104 185
104 186
104 190
104 191
104 195
104 197
104 198
104 199
104 208
104 213
104 215
104 217
104 218
104 231
104 232
104 233
104 240
104 241
104 244
104 248
104 251
104 257
104 258
104 260
104 263
104 274
104 275
104 276
104 279
104 283
104 285
104 286
105 126
105 127
105 128
105 135
105 136
105 137
105 138
105 142
105 143
105 149
105 153
105 154
105 160
105 162
105 165
105 166
105 167
105 175
105 179
105 186
105 195
105 197
105 206
105 207
105 210
105 212
105 213
105 216
105 218
105 221
105 222
105 223
105 227
105 228
105 231
105 233
105 234
105 245
105 246
105 257
105 261
105 263
105 268
105 278
105 280
105 281
105 282
105 288
105 289
106 125
106 128
106 129
106 138
106 143
106 161
106 162
106 163
106 167
106 173
106 176
106 178
106 180
106 182
106 183
106 191
106 195
106 196
106 205
106 206
106 209
106 210
106 215
106 227
106 229
106 232
106 238
106 242
106 247
106 266
106 268
106 271
106 275
106 276
106 288
106 289
106 290
107 128
107 129
107 134
107 137
107 152
107 154
107 155
107 158
107 164
107 167
107 173
107 176
107 177
107 178
107 182
107 188
107 189
107 193
107 196
107 209
107 216
107 217
107 218
107 219
107 220
107 221
107 222
107 224
107 225
107 245
107 248
107 251
107 252
107 255
107 257
107 258
107 260
107 261
107 269
107 279
107 282
107 283
108 125
108 131
108 136
108 137
108 144
108 148
108 149
108 151
108 152
108 157
108 160
108 161
108 166
108 169
108 170
108 171
108 172
108 174
108 180
108 181
108 182
108 185
108 187
108 189
108 193
108 198
108 201
108 204
108 207
108 210
108 211
108 214
108 215
108 222
108 223
108 229
108 233
108 238
108 242
108 243
108 246
108 248
108 249
108 250
108 251
108 255
108 256
108 259
108 261
108 275
108 277
108 282
108 285
108 286
108 287
108 291
109 125
109 128
109 132
109 138
109 139
109 140
109 143
109 147
109 152
109 155
109 159
109 161
109 165
109 166
109 168
109 171
109 176
109 178
109 180
109 185
109 187
109 192
109 197
109 205
109 209
109 214
109 229
109 233
109 235
109 240
109 242
109 252
109 253
109 254
109 260
109 262
109 263
109 270
109 271
109 281
109 283
109 291
110 126
110 131
110 137
110 141
110 142
110 145
110 149
110 158
110 163
110 178
110 186
110 189
110 191
110 196
110 200
110 202
110 206
110 210
110 211
110 212
110 213
110 217
110 218
110 220
110 223
110 231
110 235
110 236
110 237
110 238
110 245
110 247
110 252
110 259
110 260
110 262
110 267
110 270
110 275
110 278
110 279
110 282
110 283
110 289
111 127
111 128
111 136
111 139
111 142
111 143
111 148
111 149
111 151
111 154
111 157
111 162
111 163
111 166
111 168
111 169
111 175
111 183
111 186
111 192
111 193
111 194
111 195
111 198
111 202
111 211
111 213
111 214
111 217
111 218
111 220
111 221
111 222
111 228
111 229
111 231
111 235
111 238
111 243
111 249
111 254
111 255
111 260
111 262
111 263
111 266
111 269
111 271
111 273
111 275
111 276
111 281
111 282
111 283
111 288
111 289
111 290
112 140
112 151
112 152
112 162
112 170
112 172
112 174
112 175
112 177
112 180
112 185
112 189
112 191
112 202
112 205
112 208
112 213
112 220
112 227
112 229
112 230
112 232
112 240
112 241
112 246
112 247
112 250
112 251
112 258
112 266
112 282
112 285
112 289
113 131
113 136
113 137
113 138
113 141
113 144
113 145
113 149
113 154
113 157
113 164
113 170
113 175
113 180
113 181
113 184
113 187
113 190
113 196
113 197
113 199
113 206
113 207
113 208
113 210
113 212
113 213
113 214
113 217
113 219
113 223
113 229
113 231
113 232
113 235
113 237
113 238
113 241
113 242
113 246
113 250
113 253
113 255
113 257
113 259
113 262
113 267
113 270
113 274
113 280
113 288
114 126
114 129
114 130
114 132
114 133
114 135
114 141
114 143
114 146
114 147
114 148
114 155
114 161
114 162
114 169
114 173
114 174
114 175
114 177
114 180
114 183
114 186
114 187
114 192
114 194
114 198
114 205
114 206
114 218
114 220
114 222
114 224
114 233
114 234
114 235
114 236
114 237
114 241
114 242
114 246
114 248
114 249
114 250
114 251
114 255
114 265
114 267
114 271
114 272
114 277
114 284
114 285
114 288
114 290
115 132
115 135
115 136
115 139
115 141
115 153
115 154
115 155
115 157
115 161
115 163
115 172
115 173
115 182
115 185
115 188
115 192
115 194
115 199
115 201
115 205
115 206
115 211
115 212
115 214
115 217
115 219
115 221
115 224
115 225
115 233
115 241
115 243
115 249
115 256
115 260
115 261
115 269
115 276
115 278
115 279
115 282
115 284
115 289
115 290
115 291
116 128
116 129
116 131
116 137
116 138
116 148
116 153
116 156
116 157
116 161
116 162
116 166
116 167
116 168
116 170
116 171
116 174
116 176
116 182
116 186
116 187
116 193
116 196
116 199
116 203
116 207
116 211
116 217
116 218
116 220
116 222
116 224
116 225
116 227
116 232
116 236
116 237
116 238
116 242
116 243
116 247
116 255
116 262
116 263
116 268
116 269
116 270
116 275
116 276
116 278
116 280
116 284
116 287
116 291
117 125
117 127
117 129
117 133
117 140
117 142
117 143
117 147
117 148
117 149
117 164
117 187
117 191
117 193
117 194
117 198
117 199
117 202
117 205
117 207
117 210
117 213
117 215
117 216
117 219
117 223
117 234
117 241
117 243
117 248
117 251
117 253
117 254
117 256
117 266
117 268
117 273
117 279
117 280
117 285
117 286
117 290
118 126
118 133
118 135
118 138
118 141
118 146
118 151
118 154
118 155
118 156
118 161
118 163
118 169
118 170
118 177
118 183
118 184
118 187
118 191
118 194
118 195
118 197
118 200
118 203
118 208
118 212
118 214
118 221
118 222
118 223
118 229
118 230
118 231
118 235
118 236
118 238
118 250
118 256
118 261
118 262
118 265
118 267
118 268
118 280
118 282
118 284
118 285
119 129
119 131
119 132
119 133
119 135
119 136
119 137
119 140
119 144
119 150
119 157
119 159
119 162
119 164
119 169
119 172
119 174
119 175
119 179
119 182
119 190
119 193
119 196
119 200
119 204
119 207
119 209
119 211
119 214
119 215
119 222
119 227
119 235
119 236
119 237
119 239
119 244
119 248
119 251
119 252
119 253
119 259
119 260
119 268
119 276
119 278
119 280
119 281
119 283
119 286
119 291
120 126
120 131
120 134
120 144
120 150
120 157
120 165
120 168
120 171
120 174
120 180
120 182
120 190
120 191
120 197
120 198
120 199
120 202
120 206
120 210
120 213
120 214
120 218
120 222
120 228
120 248
120 249
120 250
120 254
120 260
120 269
120 270
120 271
120 272
120 273
120 275
120 279
120 281
120 287
121 126
121 127
121 134
121 136
121 139
121 140
121 145
121 146
121 148
121 151
121 158
121 159
121 160
121 161
121 164
121 167
121 170
121 181
121 182
121 183
121 185
121 188
121 190
121 195
121 196
121 198
121 199
121 200
121 202
121 203
121 204
121 206
121 207
121 208
121 211
121 221
121 226
121 235
121 238
121 239
121 241
121 242
121 245
121 246
121 248
121 250
121 251
121 252
121 260
121 265
121 269
121 273
121 278
121 290
122 126
122 141
122 143
122 145
122 146
122 147
122 148
122 154
122 159
122 168
122 172
122 176
122 180
122 182
122 183
122 190
122 197
122 203
122 211
122 227
122 234
122 238
122 240
122 245
122 246
122 249
122 252
122 257
122 260
122 265
122 270
122 271
122 274
122 276
122 279
122 282
122 283
122 285
122 288
122 290
123 129
123 130
123 140
123 143
123 153
123 157
123 158
123 160
123 163
123 165
123 167
123 168
123 175
123 178
123 184
123 187
123 189
123 190
123 192
123 197
123 198
123 202
123 203
123 205
123 208
123 212
123 215
123 217
123 219
123 221
123 224
123 225
123 227
123 233
123 235
123 237
123 238
123 245
123 253
123 259
123 264
123 266
123 267
123 272
123 276
123 277
123 279
123 282
123 287
123 290
123 291
124 125
124 129
124 137
124 141
124 145
124 146
124 151
124 153
124 163
124 165
124 166
124 167
124 171
124 173
124 178
124 179
124 180
124 186
124 188
124 190
124 191
124 192
124 194
124 201
124 207
124 213
124 218
124 225
124 233
124 235
124 236
124 238
124 243
124 245
124 246
124 249
124 253
124 254
124 258
124 259
124 265
124 267
124 276
124 278
124 279
124 282
124 285
124 289
124 290
