1 77
3 77
4 77
5 77
2 81
2 82
2 83
8 84
10 84
11 84
11 87
12 84
13 84
14 84
15 84
16 84
17 84
17 91
18 92
19 92
20 92
21 92
22 92
23 92
24 92
25 92
26 92
18 94
18 101
27 101
28 101
29 101
30 101
26 91
26 106
32 103
33 103
34 103
35 103
36 103
37 103
38 103
32 108
32 84
39 84
40 84
24 101
25 101
16 116
41 117
43 116
44 116
42 120
41 120
46 120
44 120
47 120
16 120
45 84
48 120
49 120
50 120
51 120
52 120
53 120
54 120
55 120
56 120
57 128
53 133
17 120
59 120
60 120
61 120
61 135
62 135
63 136
64 136
64 134
64 120
31 139
60 140
16 141
66 84
66 139
67 141
68 141
69 141
70 141
71 141
72 141
73 141
74 141
75 141
75 139
16 119
59 140
65 120
64 140
64 135
64 138
63 120
26 139
16 150
26 84
8 107
32 85
69 84
74 84
68 145
64 145
10 120
64 142
70 149
