# source: MovieTweetings ratings.dat (GitHub raw)
# format: <user_id> <movie_id>
1 0114508
2 0499549
2 1305591
2 1428538
3 0075314
3 0102926
3 0114369
3 0118715
3 0120737
3 0208092
3 0358273
3 0477348
3 10039344
3 1051906
3 1568346
3 2278388
3 6199572
3 6723592
3 6751668
3 7131622
3 7975244
3 7984734
3 8367814
3 8579674
3 8946378
4 0790636
4 1800241
4 2278871
4 2395417
4 3344922
5 0267626
5 1343092
5 1477855
5 1920849
5 2024432
5 2084970
6 2884206
6 3040964
6 5022702
7 1800241
7 2378281
7 2980516
8 1001508
8 1142988
8 1292566
8 1355644
8 1441953
8 1454029
8 1878870
8 2250912
8 2543164
8 3783958
9 0237572
9 0810819
9 1392190
9 1663202
9 1895587
9 2080374
9 2381111
9 2494362
9 3076658
9 3532216
9 3659388
9 4934950
9 5052448
9 5657856
10 0038109
11 0317740
11 3612616
12 0361748
13 0481141
13 1282140
13 2388771
13 4477536
13 5213744
13 6450804
13 6957966
13 7286456
13 8201170
13 8579674
14 3226786
15 0181875
16 1024855
17 1025100
18 1386697
18 2277860
18 3076658
18 4196776
19 1790885
20 2278388
21 0110076
21 1188982
21 2574698
22 1843866
22 1872181
22 2103281
22 2235779
22 3322940
23 0437086
23 2380307
23 4520988
23 8079248
24 0368891
25 0770828
25 1210819
25 1663662
25 1670345
25 2334879
26 0113277
27 0482606
27 1242460
27 5867314
28 7286456
29 2872732
30 1707386
31 0068646
32 2334879
33 2302755
34 1661199
35 0369610
35 0478970
35 1431045
35 2379713
35 2488496
35 2975590
35 3040964
35 3385516
35 3659388
36 0454876
37 1979320
38 10367276
39 0110475
39 0114814
39 0120737
39 0123755
39 0137523
39 0264464
39 0372784
39 0377107
39 0434409
39 0816692
39 0816711
39 0884732
39 0993846
39 1175491
39 1211956
39 1234721
39 1258197
39 1291584
39 1306980
39 1345836
39 1351685
39 1375666
39 1392190
39 1454468
39 1499658
39 1588173
39 1600196
39 1631867
39 1637725
39 1661382
39 1780798
39 1798684
39 1800241
39 1843866
39 1850397
39 1853728
39 1924435
39 1951264
39 1951265
39 2004420
39 2170439
39 2283336
39 2381249
39 2381941
39 2515034
39 2557490
39 2561572
39 2785032
39 2788710
39 2802144
39 2848292
39 2870756
39 2908446
39 2980648
39 3042408
39 3063516
39 3076658
39 3118452
39 3195644
39 3276924
39 3530002
39 3682448
39 5065822
39 6139732
39 6146586
39 6320628
39 6565702
39 7286456
40 0289879
40 0338013
40 2584384
41 1677720
41 1979376
41 2096673
41 3470600
42 1798709
42 1951261
43 3450650
44 1741243
44 2179136
44 2802144
44 2872732
45 1800241
46 7798634
47 0137523
47 0247745
47 0405422
47 0434409
47 0452608
47 0455944
47 0963178
47 1093357
47 1241317
47 1243974
47 1282140
47 1321870
47 1355644
47 1365519
47 1396484
47 1401152
47 1465522
47 1488555
47 1502404
47 1615160
47 1637688
47 1850397
47 1860357
47 1951261
47 1959563
47 1981128
47 2024432
47 2094766
47 2140479
47 2404435
47 2674426
47 2994190
47 3110958
47 3171832
47 3263904
47 3717490
47 3783958
47 4154796
47 4437046
47 4630562
47 4642044
47 4786282
47 4855748
47 5095030
47 5311514
47 5519340
47 6200274
48 0119282
48 0961097
48 1542768
48 1980929
48 2262315
48 2679552
49 1951264
50 0124315
50 0317919
50 0454876
50 0770828
50 0790724
50 0822854
50 0891592
50 1245492
50 1397280
50 1482459
50 1483013
50 1517260
50 1559547
50 1623205
50 1853728
50 1935902
50 1942884
50 1981677
50 2053463
51 1386697
52 0448115
53 0108598
54 0076759
54 0080684
54 0086250
54 0088847
54 0094737
54 0109040
54 0109830
54 0119038
54 0137523
54 0144084
54 0151804
54 0264464
54 0298203
54 0361862
54 0362227
54 0385002
54 0407887
54 0455944
54 0470752
54 0482571
54 0758758
54 0790636
54 0816692
54 0822832
54 0838283
54 0910936
54 0948470
54 1083452
54 1229340
54 1245492
54 1285016
54 1306980
54 1361318
54 1375666
54 1392170
54 1392190
54 1542344
54 1564367
54 1645170
54 1659337
54 1663202
54 1790864
54 1790886
54 1800246
54 1840309
54 1853728
54 1911644
54 1924435
54 1951265
54 1981677
54 2080374
54 2084970
54 2106361
54 2267998
54 2294449
54 2381941
54 2557490
54 2562232
54 2582782
54 2582802
54 2582846
54 2713180
54 2788710
54 2872718
54 2980516
54 3170832
54 3460252
54 3659388
54 4034228
54 4178092
55 1632708
55 4154796
56 0071562
56 0078748
56 0090605
56 0091064
56 0104257
56 0110475
56 0113277
56 0119643
56 0120812
56 0137523
56 0138510
56 0162661
56 0167404
56 0185937
56 0190332
56 0206634
56 0211915
56 0230600
56 0235154
56 0241527
56 0245674
56 0266308
56 0266915
56 0276919
56 0289043
56 0304141
56 0315327
56 0330373
56 0338013
56 0338337
56 0339291
56 0343818
56 0359950
56 0364569
56 0364955
56 0373889
56 0375912
56 0414951
56 0425637
56 0449059
56 0452625
56 0457430
56 0477348
56 0481499
56 0800320
56 0831387
56 0848537
56 0907657
56 0993846
56 1065073
56 1156395
56 1232829
56 1234721
56 1267297
56 1270798
56 1288558
56 1291150
56 1326972
56 1392190
56 1392214
56 1454029
56 1483013
56 1535109
56 1587310
56 1638002
56 1659337
56 1706620
56 1717715
56 1798709
56 1800241
56 1872181
56 1922777
56 1925518
56 1979320
56 2015381
56 2024469
56 2024544
56 2058107
56 2103281
56 2178256
56 2193215
56 2229499
56 2265171
56 2267998
56 2278388
56 2294449
56 2294629
56 2316411
56 2321549
56 2322441
56 2350496
56 2388715
56 2395427
56 2404463
56 2436386
56 2473682
56 2557256
56 2562232
56 2582802
56 2692904
56 2752758
56 2788710
56 2802144
56 2820852
56 2872732
56 2911666
56 2975578
56 3063516
56 3197766
56 3235888
56 3345472
57 2543472
57 4555426
57 5715874
58 0040522
58 0050083
58 0095765
58 0180093
58 0405159
58 1355644
58 3183660
58 3731562
58 3783958
58 4160708
58 5013056
58 5308322
58 5442430
58 5580390
59 1441940
59 1588173
59 1659337
60 0829482
60 1375666
60 1878870
60 2024519
60 2094766
60 2140479
60 2404435
60 2543164
60 2584384
60 3741834
60 3890160
60 3896198
60 4758646
60 4857264
61 5074352
62 7549996
63 0112471
63 1483013
63 1531901
63 1535108
63 1549920
63 1602613
63 1663662
63 1682180
63 1935179
63 1995304
63 2101441
63 2129928
63 2209418
63 2265398
63 2294677
63 2306745
64 1187043
65 1972571
66 0033477
66 0038650
66 0039628
66 0042332
66 0045591
66 0045607
66 0047296
66 0047396
66 0048342
66 0052357
66 0054135
66 0058331
66 0060153
66 0061811
66 0062622
66 0064757
66 0070510
66 0070608
66 0071807
66 0075860
66 0076054
66 0076759
66 0079817
66 0082198
66 0082679
66 0083530
66 0084602
66 0084787
66 0084805
66 0085959
66 0086190
66 0089927
66 0090264
66 0091828
66 0092086
66 0092106
66 0092214
66 0092699
66 0093260
66 0094898
66 0095963
66 0096320
66 0097239
66 0097351
66 0097757
66 0098536
66 0099699
66 0100403
66 0100405
66 0100507
66 0101272
66 0102057
66 0102059
66 0102070
66 0103776
66 0103827
66 0104940
66 0105112
66 0105793
66 0106582
66 0106673
66 0106697
66 0107211
66 0107362
66 0110428
66 0110478
66 0110527
66 0110632
66 0110912
66 0111257
66 0115685
66 0116191
66 0116282
66 0116996
66 0117438
66 0117887
66 0118617
66 0119396
66 0120347
66 0120434
66 0120863
66 0129167
66 0164184
66 0177789
66 0198781
66 0209144
66 0216216
66 0266697
66 0268695
66 0290334
66 0298814
66 0317705
66 0319262
66 0319343
66 0322330
66 0337741
66 0337978
66 0338013
66 0347149
66 0356910
66 0358273
66 0361620
66 0369610
66 0370263
66 0371746
66 0373469
66 0375063
66 0378194
66 0397078
66 0402399
66 0419294
66 0433387
66 0443543
66 0443701
66 0443706
66 0445922
66 0448134
66 0451279
66 0452594
66 0452623
66 0453562
66 0458339
66 0462499
66 0462504
66 0467200
66 0467406
66 0468569
66 0469021
66 0475290
66 0478087
66 0478970
66 0492956
66 0497465
66 0758730
66 0770828
66 0790636
66 0790724
66 0800080
66 0800369
66 0803061
66 0809504
66 0816692
66 0825232
66 0831387
66 0831887
66 0848228
66 0864835
66 0870111
66 0964517
66 0974015
66 0975645
66 0993846
66 0995039
66 1028576
66 1083452
66 1086772
66 1091191
66 1109624
66 1113829
66 1124035
66 1133985
66 1170358
66 1193138
66 1194173
66 1205537
66 1206543
66 1211837
66 1211956
66 1212450
66 1219289
66 1228705
66 1229340
66 1234721
66 1242545
66 1244659
66 1245526
66 1250777
66 1289406
66 1291584
66 1300854
66 1320253
66 1340138
66 1343092
66 1343727
66 1355683
66 1386697
66 1392170
66 1392190
66 1408101
66 1409024
66 1424381
66 1424432
66 1430132
66 1431045
66 1436562
66 1453405
66 1454468
66 1490017
66 1515091
66 1524930
66 1528100
66 1568911
66 1596363
66 1606378
66 1615147
66 1631867
66 1638355
66 1650554
66 1653665
66 1655441
66 1661199
66 1663662
66 1675434
66 1677720
66 1690953
66 1706620
66 1731141
66 1762300
66 1790885
66 1798709
66 1821694
66 1823672
66 1825683
66 1837703
66 1843866
66 1872181
66 1877832
66 1878870
66 1881002
66 1935179
66 1935859
66 1946421
66 1951265
66 1951266
66 1959490
66 1959563
66 1979320
66 1981115
66 2024544
66 2042568
66 2057392
66 2080374
66 2083383
66 2084970
66 2103281
66 2109248
66 2140373
66 2172934
66 2193215
66 2223990
66 2245084
66 2250912
66 2267998
66 2278388
66 2310332
66 2316204
66 2334879
66 2363471
66 2379713
66 2381249
66 2395427
66 2397535
66 2406566
66 2488496
66 2527336
66 2531318
66 2543164
66 2562232
66 2606068
66 2660888
66 2692904
66 2713180
66 2802144
66 2891174
66 2910904
66 2948356
66 2975590
66 2980516
66 3076658
66 3168230
66 3183660
66 3315342
66 3385516
66 3401748
66 3402236
66 3450958
66 3460252
66 3464902
66 3498820
66 3501632
66 3682448
66 3689498
66 3722070
66 3731562
66 3748528
66 3778644
66 3799694
66 3890160
66 3896198
66 4052882
66 4062536
66 4154756
66 4181052
66 4341582
66 4540710
66 4572820
66 4649466
66 4698684
66 4846340
66 4853102
66 4925292
66 5013056
66 5463162
66 5580390
66 5776858
67 5700672
68 0259324
69 0077416
69 0360556
69 0365907
69 0369610
69 0448115
69 0470752
69 0478970
69 0816711
69 1091191
69 1179031
69 1234721
69 1235522
69 1259528
69 1270797
69 1274586
69 1340138
69 1413492
69 1488606
69 1536537
69 1590193
69 1600196
69 1618434
69 1631867
69 1638355
69 1663202
69 1677720
69 1727824
69 1742334
69 1772341
69 1781922
69 1790809
69 1790864
69 1809398
69 1823672
69 1825683
69 1846589
69 1856101
69 1877832
69 1951266
69 1959563
69 1972571
69 1981115
69 2034800
69 2193215
69 2231461
69 2239822
69 2261331
69 2267998
69 2316204
69 2326612
69 2369135
69 2381991
69 2402157
69 2404233
69 2406566
69 2452200
69 2488496
69 2527336
69 2527338
69 2548396
69 2557478
69 2597768
69 2704998
69 2713180
69 2763304
69 2788710
69 2798920
69 2800240
69 2911666
69 2937898
69 2968804
69 3256226
69 3289728
69 3315342
69 3450958
69 3498820
69 3521164
69 3532216
69 3631112
69 3707104
69 3731562
69 3774114
69 3829920
69 3892172
69 3896198
69 4046784
69 4116284
69 4154664
69 4154756
69 4154796
69 4196776
69 4218696
69 4332232
69 4463894
69 4500922
69 4572514
69 4779682
69 4881806
69 4912910
69 4972582
69 4995776
69 5013056
69 5057140
69 5095030
69 5113040
69 5246700
69 5362988
69 5519340
69 5732482
69 5758778
69 6320628
69 6565702
69 6772804
69 6806448
69 7125774
69 7131622
69 7286456
69 7456310
69 8106534
69 8179388
69 8236336
70 8579674
71 0816711
71 1228705
71 1300854
71 2023587
72 1190536
72 1690953
73 0332136
73 1392190
73 1840309
73 2704998
73 2932536
73 5539054
74 2332579
75 0054698
75 0085218
75 0388473
75 0477348
75 0819714
75 1474276
75 1517145
75 1740055
75 1839494
75 1860357
75 2378507
75 2991224
75 3178174
75 4158096
75 4160708
75 4276820
75 4489416
75 5013056
75 5027774
75 5460658
75 6472976
75 6742252
75 6751668
76 2302755
77 1300854
78 6040662
78 6850820
78 7668870
78 7689964
79 0816711
79 1054606
79 1276104
79 1453405
79 1670345
79 2263944
80 2096672
81 0800080
82 2948372
83 0079501
83 0082694
83 0101272
83 0120616
83 0120737
83 0167260
83 0167261
83 0171363
83 0209163
83 0364725
83 0388500
83 0859163
83 1170358
83 1457767
83 1587310
83 1723121
83 1872181
83 1877832
83 1951264
83 1981115
83 1991245
83 2023587
83 2024469
83 2024544
83 2106361
83 2377322
83 2626350
83 2752758
84 0076759
84 0080684
84 0086190
84 0112851
84 0113118
84 0120746
84 0180093
84 0245712
84 0361596
84 0390521
84 0427152
84 0448115
84 0451279
84 0458352
84 0478970
84 0910936
84 0918927
84 0963208
84 1078588
84 1135503
84 1231583
84 1307068
84 1477834
84 1535438
84 1638355
84 1648179
84 1663202
84 1700841
84 1714206
84 1790885
84 1980209
84 1985949
84 2004420
84 2119532
84 2172985
84 2250912
84 2258337
84 2338151
84 2763304
84 2869728
84 2948356
84 3040964
84 3170832
84 3281548
84 3381008
84 3464902
84 3498820
84 3659388
84 3766354
84 4160708
84 4178092
84 4364194
84 4438848
84 4633694
84 4897822
84 4901306
84 5052448
84 5463162
84 6644200
84 7286456
84 8579674
84 9243946
85 3263904
85 8364368
86 1682180
86 2278871
87 3460252
88 0816692
88 1302006
89 0120586
89 1602613
89 1650554
89 2179116
90 7465694
91 4846340
92 7608028
92 8246392
93 1322269
94 13045890
95 0037059
95 0041716
95 0045152
95 0050083
95 0068646
95 0076759
95 0079261
95 0080684
95 0086190
95 0099685
95 0106364
95 0110413
95 0115736
95 0120903
95 0196229
95 0217869
95 0290334
95 0352248
95 0357413
95 0365748
95 0369339
95 0376994
95 0405422
95 0458525
95 0470752
95 0478970
95 0481369
95 0482571
95 0770828
95 0810819
95 1152398
95 1155056
95 1187043
95 1211837
95 1212450
95 1216520
95 1245492
95 1250777
95 1270798
95 1298649
95 1306980
95 1322312
95 1333125
95 1355630
95 1355683
95 1375666
95 1386697
95 1430132
95 1431045
95 1489889
95 1499658
95 1600196
95 1638355
95 1650554
95 1663202
95 1707386
95 1769363
95 1817273
95 1821362
95 1855199
95 1860213
95 1878870
95 1981677
95 2005151
95 2094766
95 2096673
95 2170439
95 2241351
95 2267968
95 2281587
95 2543164
95 2557490
95 2679042
95 2848292
95 2848324
95 2869728
95 2948356
95 2975590
95 3042408
95 3072482
95 3170832
95 3203606
95 3316948
95 3334996
95 3381008
95 3401882
95 3498820
95 3569230
95 3628584
95 3655414
95 3659388
95 3687310
95 3783958
95 3949660
95 4034228
95 4046784
95 4139124
95 4160708
95 4438848
95 4972582
95 4975722
95 5168192
95 5700672
95 5999382
95 6736782
96 1478839
96 7343762
96 8367814
96 8579674
97 1502712
97 2975590
97 3498820
98 5512872
99 0076704
99 0078748
99 0090605
99 0120461
99 0477348
99 0478970
99 1412334
99 1611224
99 2393827
99 2403021
99 2870612
99 2991296
99 3177316
100 7131622
101 0072684
101 0430357
101 0790636
101 1038043
101 1124035
101 1170358
101 1937390
101 2084970
101 2106476
101 2241605
101 2404461
101 3089326
101 4082068
102 5084170
103 2395427
104 1663202
105 1972571
106 0120382
106 0478970
106 0790636
106 0816692
106 0993846
106 1211956
106 1392214
106 1535109
106 1979320
106 2015381
106 2258858
107 1025100
107 10648440
107 1259521
107 2709692
107 3387520
107 3741700
107 5113040
107 5164214
107 5220122
107 5294518
107 5606664
107 5638642
107 5734576
107 6105098
107 6306064
107 6423362
107 6450804
107 6806448
107 7022402
107 7286456
107 7349950
107 7535964
107 7798634
107 8267604
107 8350360
107 8364368
107 8772262
107 9086228
107 9541602
108 0052357
108 0070291
108 0114814
109 0265208
109 0416449
109 0974015
109 1253863
109 1431045
109 2283362
109 2975590
109 3501632
110 0120338
110 1375666
110 1691917
110 1707386
110 2226417
111 0048545
111 0054642
111 0056687
111 0070909
111 0076759
111 0078872
111 0081505
111 0082010
111 0085995
111 0086190
111 0087363
111 0087800
111 0089218
111 0092106
111 0093437
111 0094737
111 0095016
111 0095765
111 0096283
111 0097428
111 0097958
111 0098084
111 0099700
111 0106977
111 0114746
111 0115964
111 0116209
111 0117951
111 0120616
111 0120815
111 0120915
111 0121765
111 0121766
111 0138097
111 0170016
111 0209163
111 0217505
111 0243155
111 0310793
111 0317705
111 0376479
111 0381061
111 0381681
111 0421715
111 0437086
111 0448115
111 0451279
111 0462335
111 0470752
111 0475290
111 0478970
111 0490215
111 0491175
111 0491203
111 0787524
111 0803096
111 0804497
111 0810819
111 0816692
111 0837563
111 0859163
111 0864835
111 0900387
111 0918940
111 0974015
111 1014763
111 1017451
111 1020072
111 1034415
111 1051904
111 1072748
111 1100089
111 1121096
111 1124037
111 1126590
111 1172049
111 1179933
111 1182345
111 1186830
111 1212428
111 1213641
111 1219289
111 1219827
111 1226837
111 1234548
111 1243974
111 1247690
111 1270797
111 1289401
111 1291566
111 1292566
111 1334260
111 1340138
111 1355631
111 1355644
111 1355683
111 1365519
111 1374989
111 1376213
111 1386697
111 1389072
111 1390411
111 1392190
111 1396484
111 1398426
111 1413492
111 1431045
111 1441953
111 1457767
111 1468846
111 1469304
111 1477834
111 1485796
111 1502407
111 1502712
111 1517451
111 1524930
111 1528100
111 1563742
111 1571234
111 1571249
111 1577052
111 1596363
111 1598642
111 1608290
111 1615147
111 1615160
111 1617661
111 1618434
111 1618442
111 1619029
111 1620680
111 1628841
111 1638002
111 1638355
111 1648190
111 1653665
111 1655441
111 1658801
111 1659337
111 1661199
111 1661275
111 1663202
111 1667321
111 1677720
111 1679335
111 1686821
111 1700841
111 1727824
111 1741273
111 1754656
111 1758810
111 1809398
111 1823664
111 1823672
111 1825683
111 1837636
111 1850397
111 1850457
111 1855199
111 1856101
111 1860213
111 1860357
111 1881002
111 1895587
111 1935859
111 1951266
111 1961175
111 1972591
111 1974419
111 1976009
111 1979376
111 1979388
111 1981107
111 1985949
111 2025690
111 2039393
111 2056771
111 2057392
111 2080374
111 2084970
111 2084977
111 2088735
111 2091935
111 2094766
111 2096673
111 2097298
111 2101383
111 2111478
111 2119532
111 2126355
111 2126357
111 2140037
111 2140379
111 2140479
111 2167266
111 2170439
111 2179136
111 2180411
111 2217859
111 2224026
111 2226597
111 2239822
111 2241351
111 2267968
111 2268016
111 2273657
111 2277860
111 2283336
111 2283362
111 2291540
111 2293640
111 2304933
111 2305051
111 2310332
111 2315582
111 2316204
111 2321405
111 2322441
111 2325977
111 2328900
111 2331047
111 2334871
111 2361509
111 2368254
111 2378507
111 2379713
111 2380307
111 2381111
111 2381941
111 2381991
111 2386490
111 2396589
111 2398231
111 2398241
111 2401097
111 2401878
111 2402101
111 2402927
111 2404425
111 2404435
111 2406566
111 2436386
111 2446980
111 2452042
111 2452254
111 2461520
111 2474024
111 2488496
111 2493486
111 2503944
111 2510894
111 2527336
111 2543164
111 2543472
111 2547584
111 2554274
111 2555736
111 2557478
111 2567026
111 2567712
111 2582496
111 2582782
111 2582784
111 2584384
111 2625810
111 2637276
111 2638144
111 2639254
111 2639336
111 2649554
111 2660888
111 2671706
111 2674426
111 2679042
111 2692250
111 2702724
111 2704998
111 2709768
111 2711898
111 2717822
111 2717860
111 2719848
111 2726560
111 2737050
111 2737304
111 2771200
111 2788732
111 2798920
111 2802144
111 2802154
111 2823054
111 2848292
111 2870648
111 2872518
111 2873282
111 2884018
111 2891174
111 2908446
111 2910904
111 2935476
111 2937696
111 2937898
111 2948356
111 2967224
111 2975590
111 2980210
111 2994190
111 3007512
111 3011894
111 3040964
111 3045616
111 3060492
111 3062096
111 3065204
111 3076658
111 3077214
111 3100274
111 3104988
111 3110958
111 3152624
111 3168230
111 3169706
111 3170832
111 3172532
111 3183660
111 3203606
111 3205376
111 3231054
111 3262342
111 3263904
111 3289728
111 3315342
111 3316948
111 3316960
111 3317208
111 3318750
111 3319920
111 3322364
111 3332064
111 3385516
111 3387542
111 3397884
111 3402236
111 3410834
111 3411444
111 3416536
111 3442006
111 3450958
111 3460252
111 3464902
111 3469046
111 3470600
111 3488710
111 3498820
111 3501632
111 3503406
111 3521126
111 3531824
111 3532216
111 3544082
111 3544112
111 3553976
111 3564472
111 3569230
111 3606752
111 3606756
111 3606888
111 3622592
111 3623726
111 3631112
111 3640424
111 3659388
111 3685236
111 3691740
111 3707106
111 3715320
111 3716530
111 3721964
111 3731562
111 3741834
111 3748528
111 3750872
111 3754940
111 3766354
111 3774114
111 3778644
111 3783958
111 3799694
111 3808342
111 3829920
111 3841424
111 3850214
111 3850590
111 3859076
111 3859310
111 3861390
111 3874544
111 3890160
111 3896198
111 3922818
111 3967856
111 4005402
111 4015500
111 4034228
111 4034354
111 4044364
111 4046784
111 4048272
111 4052882
111 4062536
111 4080728
111 4120176
111 4136084
111 4154664
111 4154796
111 4158624
111 4172430
111 4196450
111 4209788
111 4218572
111 4218696
111 4263482
111 4270516
111 4287320
111 4291600
111 4302938
111 4326444
111 4331970
111 4341582
111 4361050
111 4372390
111 4385888
111 4411596
111 4425200
111 4437216
111 4438848
111 4442130
111 4465564
111 4468634
111 4468740
111 4477536
111 4481414
111 4486986
111 4500922
111 4501244
111 4513674
111 4540710
111 4550098
111 4555426
111 4572514
111 4575576
111 4581576
111 4622512
111 4630444
111 4633694
111 4645368
111 4649466
111 4651520
111 4652650
111 4669264
111 4669986
111 4680182
111 4682786
111 4686844
111 4701182
111 4701724
111 4714782
111 4721124
111 4731136
111 4733640
111 4741708
111 4765284
111 4779682
111 4781612
111 4795124
111 4799050
111 4824302
111 4827558
111 4846232
111 4846340
111 4881806
111 4913966
111 4922522
111 4925292
111 4972582
111 4975722
111 4986134
111 4995790
111 5013056
111 5027774
111 5028340
111 5052448
111 5052474
111 5065822
111 5083738
111 5093026
111 5095030
111 5104604
111 5109784
111 5140878
111 5160938
111 5164214
111 5164432
111 5168192
111 5179598
111 5186714
111 5220122
111 5294550
111 5304464
111 5390504
111 5437928
111 5439796
111 5442430
111 5450984
111 5461944
111 5462602
111 5463162
111 5478478
111 5523010
111 5556144
111 5580036
111 5580266
111 5580390
111 5592248
111 5635086
111 5639354
111 5639446
111 5649144
111 5651050
111 5688932
111 5700176
111 5700672
111 5715874
111 5716464
111 5719700
111 5726616
111 5776858
111 5814060
111 5816682
111 5824900
111 5848272
111 5850440
111 5886046
111 5886440
111 5929776
111 5960374
111 6063090
111 6139732
111 6146586
111 6155172
111 6225520
111 6257174
111 6266538
111 6294822
111 6303866
111 6306064
111 6320628
111 6398184
111 6483364
111 6499752
111 6513120
111 6565702
111 6628394
111 6663582
111 6679794
111 6751668
111 6802308
111 6823368
111 6852872
111 6857112
111 6859762
111 6865690
111 6911608
111 6938828
111 6952960
111 6966692
111 6998518
111 7008872
111 7235270
111 7286456
111 7349662
111 7401588
111 7545524
111 7549996
111 7645780
111 7668870
111 7784604
111 7959026
111 8075192
111 8254556
111 8267604
111 8350360
111 8632862
111 9495224
112 0086567
113 0068646
113 0071562
113 0099674
113 0101414
113 0482571
113 0816711
113 1343092
113 1392214
113 1490017
113 1690953
113 1723121
113 1921064
113 2234155
113 2395427
114 0056576
114 0069121
114 0080474
114 0093229
114 1045658
114 1074638
114 1430626
114 1549572
114 1549920
114 1570989
114 1583421
114 1602613
114 1637725
114 1907639
114 1907668
114 2101441
114 2390361
115 2872718
116 0061418
116 0083658
116 0095327
116 0095765
116 0096283
116 0104652
116 0119698
116 0156887
116 0167261
116 0253474
116 0265666
116 0268978
116 0364569
116 0407887
116 0424227
116 0443706
116 0451279
116 0477348
116 0490215
116 0816692
116 0974015
116 1014763
116 1212428
116 1241317
116 1242422
116 1255953
116 1302006
116 1365050
116 1365519
116 1386697
116 1392190
116 1392214
116 1560220
116 1590193
116 1605783
116 1638002
116 1677720
116 1723811
116 1763303
116 1790809
116 1825683
116 1856101
116 1860357
116 1895587
116 1924396
116 1959563
116 1979376
116 2084970
116 2179121
116 2182972
116 2250912
116 2283362
116 2359024
116 2380307
116 2381111
116 2543164
116 2543472
116 2674426
116 2737304
116 2771200
116 2948356
116 2980516
116 3076658
116 3183660
116 3315342
116 3397884
116 3402236
116 3470600
116 3498820
116 3501632
116 3521126
116 3553976
116 3731562
116 3783958
116 3890160
116 3896198
116 4034228
116 4154664
116 4196776
116 4272866
116 4425200
116 4649466
116 4669986
116 4758646
116 4912910
116 5013056
116 5027774
116 5083738
116 5104604
116 5311514
116 5439796
116 5463162
116 5580036
116 5580390
116 5715874
116 5776858
116 5791536
116 5816374
116 6062774
116 6105098
116 6146586
116 6155172
116 6217608
116 6320628
116 6343314
116 6386748
116 6412452
116 6499752
116 6628394
116 6751668
116 6966692
116 7048622
116 7131622
116 7286456
116 7653254
116 8267604
116 8579674
116 8946378
116 9095324
116 9243946
117 0104029
117 0111257
117 0112722
117 0117071
117 0120710
117 0120768
117 0292963
117 0365885
117 0406650
117 0448075
117 0450259
117 0454876
117 0816692
117 0896798
117 0945513
117 0964539
117 10003008
117 10016180
117 10307440
117 10314450
117 10342730
117 10418662
117 1045658
117 1051906
117 10539608
117 10556320
117 10793644
117 10919380
117 10962368
117 11307814
117 1194173
117 1434435
117 1535108
117 1535616
117 1560220
117 1610996
117 1666335
117 1694021
117 1706620
117 1853739
117 1907668
117 1911644
117 2226162
117 2231461
117 2231874
117 2387433
117 2393827
117 2870612
117 3138558
117 3215824
117 3612126
117 3731562
117 3758814
117 4106514
117 4196776
117 4267026
117 4685762
117 4916630
117 5363618
117 5616294
117 5624466
117 5774060
117 5867314
117 6111574
117 6169694
117 6189022
117 6224502
117 6341832
117 6560164
117 6738136
117 7069210
117 7343762
117 7549892
117 7917178
117 7983894
117 8102806
117 8201852
117 8228288
117 8332802
117 8368406
117 8521876
117 8829830
117 8995218
117 9000302
117 9072352
117 9110170
117 9202550
117 9203694
117 9247314
117 9620292
117 9770150
117 9805504
118 0050083
118 0120586
118 0120737
118 0167260
118 0167261
118 1675434
119 1675434
120 0125439
120 0822854
120 0963966
121 0450259
121 1291584
121 1386697
122 1673434
123 0075686
123 0077413
123 0089092
123 0090605
123 0099487
123 0106881
123 0109707
123 0113409
123 0119008
123 0119177
123 0119822
123 0120655
123 0121164
123 0138510
123 0147800
123 0149601
123 0251160
123 0257044
123 0265666
123 0285823
123 0315327
123 0319262
123 0325980
123 0331811
123 0332452
123 0349903
123 0357413
123 0359950
123 0367594
123 0371746
123 0376136
123 0383574
123 0386140
123 0399146
123 0399201
123 0408236
123 0410369
123 0413099
123 0425210
123 0430304
123 0435651
123 0449088
123 0450259
123 0454876
123 0455944
123 0463854
123 0470752
123 0476735
123 0477080
123 0478970
123 0481141
123 0493464
123 0770828
123 0790636
123 0795461
123 0800369
123 0803096
123 0816692
123 0816711
123 0826606
123 0829150
123 0830515
123 0831387
123 0844479
123 0914798
123 0918940
123 0978764
123 1014759
123 1017460
123 1024648
123 1027718
123 1028532
123 1037705
123 1051907
123 1065073
123 1074638
123 1083456
123 1086772
123 1119646
123 1120985
123 1133985
123 1152836
123 1156398
123 1170358
123 1179031
123 1186830
123 1192628
123 1204975
123 1205558
123 1210819
123 1211837
123 1213663
123 1228705
123 1229340
123 1238291
123 1243957
123 1253863
123 1267297
123 1272878
123 1298649
123 1298650
123 1321870
123 1335975
123 1351685
123 1355644
123 1366344
123 1386697
123 1390411
123 1392190
123 1411250
123 1411697
123 1424003
123 1428538
123 1430132
123 1431045
123 1441940
123 1454468
123 1462769
123 1483013
123 1483324
123 1486192
123 1528100
123 1531901
123 1535108
123 1547234
123 1558877
123 1596346
123 1601913
123 1606378
123 1615065
123 1617661
123 1618442
123 1623205
123 1625346
123 1628841
123 1631867
123 1650554
123 1656186
123 1661199
123 1663202
123 1663662
123 1670345
123 1706620
123 1711425
123 1731141
123 1748122
123 1764234
123 1790864
123 1798684
123 1800241
123 1809398
123 1815852
123 1815862
123 1832382
123 1843866
123 1854564
123 1855199
123 1860357
123 1872181
123 1872194
123 1872818
123 1877832
123 1904996
123 1905041
123 1931533
123 1951261
123 1951266
123 1959490
123 1967545
123 1971325
123 1976009
123 2002718
123 2017038
123 2076220
123 2084970
123 2094766
123 2101341
123 2103281
123 2109248
123 2140373
123 2140479
123 2150209
123 2170439
123 2170593
123 2179136
123 2199571
123 2209764
123 2234155
123 2243537
123 2267998
123 2278388
123 2302755
123 2309961
123 2310332
123 2322441
123 2333784
123 2334879
123 2345112
123 2345567
123 2357129
123 2361509
123 2369135
123 2379713
123 2381249
123 2381991
123 2397535
123 2398231
123 2404233
123 2446042
123 2488496
123 2557490
123 2582802
123 2637276
123 2638144
123 2669336
123 2679042
123 2713180
123 2802144
123 2820852
123 2872718
123 2883512
123 2884206
123 2908446
123 2911666
123 2923316
123 2975590
123 2980516
123 3007512
123 3062096
123 3110958
123 3168230
123 3183660
123 3203616
123 3263904
123 3276924
123 3327994
123 3385516
123 3460252
123 3472892
123 3498820
123 3522806
123 3553976
123 3640424
123 3659388
123 3691740
123 3698408
123 3717252
123 3774114
123 3949660
123 4046784
123 4196776
123 4519742
123 4781612
123 4974684
123 5065790
124 1135084
124 1259528
124 1724970
124 2072233
124 3457508
124 7456312
124 7550000
125 5084170
126 0816692
127 1650554
127 2140373
128 1037850
129 0947798
130 0352248
130 0369610
130 0993846
130 1045658
130 1204975
130 1210166
130 1327773
130 1343092
130 1392214
130 1454468
130 1535108
130 1535109
130 1663202
130 1907668
130 1939659
130 1979320
130 2024544
130 2084970
130 2119532
130 2267998
130 2294629
130 2395427
130 2582802
130 2771200
130 2872732
130 3183660
130 3416532
130 3521164
130 3659388
130 4481414
130 4550098
130 4846340
130 4972582
131 1194620
132 10515988
133 1211837
133 1979320
133 2975590
134 0114369
134 0407887
134 2582802
134 8332922
135 2902646
136 1950186
136 2584384
136 3480822
136 4513678
136 5433138
136 6723592
136 7097896
136 8579674
136 9032400
137 1606378
138 1817273
139 0111161
139 0116367
139 0139134
139 0441773
139 0790724
139 0790736
139 0796366
139 0816711
139 1019452
139 1217209
139 1300854
139 1323594
139 1408101
139 1411250
139 1454468
139 1538403
139 1541160
139 1663662
139 1670345
139 1723121
139 1905041
140 0790724
140 1074638
140 1300854
140 1343092
140 1430132
140 1670345
141 3794354
142 5061564
143 0039628
143 0042192
143 0066817
143 0076759
143 0117723
143 0120660
143 0160797
143 0162222
143 0167260
143 0369610
143 0454876
143 0465494
143 0478970
143 0480255
143 0790724
143 0837562
143 0902967
143 0974613
143 0993846
143 1111422
143 1121931
143 1253864
143 1297919
143 1300854
143 1340138
143 1408101
143 1433811
143 1440129
143 1446192
143 1454029
143 1483013
143 1486190
143 1502712
143 1535109
143 1599348
143 1615160
143 1645170
143 1646987
143 1657283
143 1679335
143 1764651
143 1790809
143 1790885
143 1815862
143 1904996
143 1905041
143 1972591
143 1981115
143 2109248
143 2283362
143 2328745
143 2333784
143 2381249
143 3079380
143 3300542
143 3317234
143 3501632
143 3748528
143 4154756
143 4630562
143 4846340
143 5001718
143 5519340
144 0910936
144 4229236
144 5451690
144 9243946
145 0416960
146 1311071
146 1659337
146 2258858
146 2543472
146 2797106
146 3104988
146 6751668
146 7784604
147 0119116
147 1204340
148 0075314
148 0078788
148 0116282
148 0375912
148 1740707
148 3569230
149 7556122
150 0082010
150 0093773
150 0103035
150 0108160
150 0454876
150 0831387
150 1213663
150 1267319
150 1288558
150 1289401
150 1291150
150 1327773
150 1351685
150 1355644
150 1371111
150 1386697
150 1408101
150 1431045
150 1453405
150 1454468
150 1489889
150 1519461
150 1528854
150 1583420
150 1623205
150 1663662
150 1700841
150 1748227
150 1764691
150 1814905
150 1935896
150 1951261
150 1985949
150 1999995
150 2011276
150 2023587
150 2103281
150 2226417
150 2234155
150 2321549
150 2387433
150 2503154
150 2543164
150 2714380
150 2736254
150 2752772
150 2885364
150 2948356
150 2960930
150 3040964
150 3137630
150 3289956
150 3470600
150 3498820
150 3659388
150 3704538
150 3783958
150 3960412
150 4052882
150 4935334
151 1972571
152 1971325
152 2527338
152 2935510
152 3348730
152 5834262
152 5886046
152 5913798
152 7737528
152 8178486
152 8228288
152 8404614
153 0113501
153 0113986
153 0181536
153 0251160
153 0312329
153 0416449
153 1215523
153 1272878
153 1314655
153 1316622
153 1375670
153 1386588
153 1502404
154 0077651
154 8079248
155 1196204
156 2584384
156 6751668
156 8367814
157 0470752
158 0770828
158 0816711
158 0831387
158 1289401
158 1300854
158 1319694
158 1335975
158 1351685
158 1386697
158 1408101
158 1411250
158 1454468
158 1483013
158 1535109
158 1606389
158 1617661
158 1628841
158 1631867
158 1731141
158 1815862
158 1821694
158 1877832
158 1904996
158 1905041
158 1981115
158 2015381
158 2101341
158 2103281
158 2333784
158 2334879
158 2562232
158 2660888
158 2802144
158 2820852
158 2872732
158 2975590
158 3062096
158 3393786
158 4196776
158 4624424
159 0118799
160 1538403
161 0058331
161 0083658
161 0093058
161 0369610
161 0455944
161 0458481
161 0469021
161 0470752
161 0478970
161 0790636
161 0816692
161 0816711
161 0829150
161 0831387
161 0993846
161 1029360
161 1091191
161 1179933
161 1213663
161 1259521
161 1289401
161 1291150
161 1300854
161 1340138
161 1355644
161 1355683
161 1398426
161 1408101
161 1430132
161 1453405
161 1535108
161 1608290
161 1628841
161 1631867
161 1650554
161 1663202
161 1663662
161 1823672
161 1872181
161 1951261
161 1951264
161 1951266
161 1980209
161 1981677
161 2004420
161 2015381
161 2024469
161 2096672
161 2096673
161 2103281
161 2109248
161 2140479
161 2172934
161 2177771
161 2265171
161 2267998
161 2294449
161 2294629
161 2379713
161 2381249
161 2395427
161 2557490
161 2637276
161 2763304
161 2802144
161 2872732
161 2911666
161 2975590
161 3062096
161 3097204
161 3183660
161 3385516
161 3460252
161 3498820
161 3569230
161 3748528
161 3949660
161 4062536
161 4698684
161 6644200
161 7614404
162 0118849
162 0120382
162 0249462
162 1255953
162 1825683
162 2380307
162 3262342
162 4550098
162 5052448
163 2119532
164 0298203
165 5013056
166 2437548
167 0097659
167 0790628
167 0790736
167 0864835
167 1121096
167 1170358
167 1213663
167 1253863
167 1428538
167 1431045
167 1453405
167 1528854
167 1617661
167 1723121
167 1767354
167 1772271
167 1843866
167 1877832
167 1939659
167 1964418
167 1980209
167 1981115
167 2015381
167 2101441
167 2140373
167 2245084
167 2294629
167 2387559
167 2488496
167 2505294
167 2582802
167 2771372
167 2872732
167 3387542
167 3498820
168 0032553
168 0053779
168 0064793
168 0096288
168 0102926
168 0105323
168 0109830
168 0110116
168 0113277
168 0118799
168 0137523
168 0169547
168 0180073
168 0274558
168 0335119
168 0350193
168 0362227
168 0379889
168 0396171
168 0405094
168 0414993
168 0428870
168 0468569
168 0477348
168 0758752
168 0758758
168 0810819
168 0816442
168 0825232
168 0918927
168 1231583
168 1255953
168 1292566
168 1294688
168 1323594
168 1375666
168 1392190
168 1392214
168 1454468
168 1457767
168 1515091
168 1535109
168 1605783
168 1654523
168 1655441
168 1675434
168 1781769
168 1798684
168 1817081
168 1931533
168 1937149
168 1972779
168 2024519
168 2042568
168 2073016
168 2084970
168 2096673
168 2106476
168 2119532
168 2140479
168 2278388
168 2338151
168 2463288
168 2503944
168 2562232
168 2582802
168 2674426
168 2713180
168 2718492
168 2726560
168 2872718
168 2884206
168 2910904
168 2980516
168 2994190
168 3079380
168 3477480
168 3863552
168 4178092
168 5083702
169 0482571
169 1375666
170 0095327
170 0169858
170 0477348
170 1121794
170 12361974
170 1950186
170 6751668
170 7131622
170 8332922
170 8367814
170 8579674
170 8772262
170 8946378
170 9426210
170 9541602
171 0338013
172 0055254
172 0397892
172 0443706
172 1049413
172 1160419
172 12801262
172 1323594
172 1398426
172 1950186
172 2294629
172 2382320
172 2510894
172 2584384
172 2935510
172 4520988
172 4916630
172 6048922
172 6450804
172 7131622
172 8367814
172 8580274
172 8946378
173 3263904
174 0078718
174 0099077
174 0277027
174 0359950
174 0454921
174 1126590
174 1293847
174 1322269
174 1392190
174 1489889
174 1560169
174 1600196
174 1661199
174 1723121
174 1760980
174 1798684
174 1800241
174 1911644
174 1924435
174 2004420
174 2080374
174 2119532
174 2167266
174 2204080
174 2249221
174 2267998
174 2333784
174 2395427
174 2499076
174 2562232
174 2567712
174 2582846
174 2592614
174 2674426
174 2713180
174 2737050
174 2820852
174 2872462
174 2883512
174 2937898
174 2980516
174 3397884
174 3488710
174 3521126
174 3750872
174 3881784
174 4080956
174 4178092
174 4425200
174 4481414
174 4550098
174 4555426
174 4572514
174 4633690
174 4857264
174 4925292
174 5013056
174 5022702
174 5195412
174 5286444
174 5362988
174 5462602
174 5610554
174 5639354
174 5649144
174 5726616
174 6304162
174 6644200
174 7349662
175 1981115
176 6723592
177 1408101
178 1853728
179 0061512
179 0061811
180 4916630
181 2084970
181 2557478
181 5848272
182 10327252
182 11307814
182 13024674
182 7097896
182 7550000
182 7556122
182 8385148
182 8579674
182 9893250
183 1386697
183 2106651
183 2667380
183 5095030
183 5519340
184 2944198
184 3778644
185 0075314
185 0174856
185 0450259
185 0825232
185 1355683
185 1390411
185 1659337
185 1895587
185 1907668
185 2404311
185 2458106
185 2674426
185 3040964
185 3766354
185 5057140
185 5164214
185 5814060
185 7057496
185 8088944
186 0099685
186 0100157
186 0105323
186 0183649
186 0264464
186 0407887
186 0481369
186 0816711
186 1211956
186 1272878
186 1392214
186 1457767
186 1661382
186 1670345
186 1723121
186 1951261
186 1980209
186 2312718
187 0488120
188 1454468
189 1937149
189 1951261
190 15097216
191 0437086
191 0477348
191 1800241
191 5727208
191 6751668
191 7395114
191 8579674
192 0317248
192 0790736
192 1392190
192 1450321
192 1748113
192 1924429
192 2042568
192 2103281
192 2278388
192 2379713
192 2400275
192 2488496
192 2808986
193 1343727
193 1441940
193 1502407
193 1572315
193 1596343
193 1663662
193 3498820
193 3659388
194 0039192
194 0085478
194 0094336
194 0112688
194 0308514
194 0310775
194 0364569
194 10530286
194 1596753
194 1598778
194 2331143
194 2935510
194 3808342
194 3823098
194 3864056
194 4068576
194 4329810
194 5027774
194 5294966
194 5607714
194 6048922
194 6398184
194 6410564
194 6439020
194 6521876
194 6722976
194 6751668
194 6859762
194 6896536
194 7286456
194 7298400
194 7737786
194 8286894
194 8579674
194 8613070
194 8760684
194 9138170
194 9647768
195 1723121
196 0031381
196 0034240
196 0045061
196 0049730
196 0051866
196 0052357
196 0053221
196 0056217
196 0062711
196 0065126
196 0065724
196 0067328
196 0068646
196 0071562
196 0075314
196 0076759
196 0078788
196 0080684
196 0081398
196 0083658
196 0086066
196 0086190
196 0097576
196 0098724
196 0099674
196 0102181
196 0102685
196 0103064
196 0105112
196 0110912
196 0113161
196 0113277
196 0114369
196 0114788
196 0117561
196 0120669
196 0120780
196 0137523
196 0139134
196 0140352
196 0144084
196 0155711
196 0165854
196 0165859
196 0180093
196 0181865
196 0190590
196 0195685
196 0217505
196 0240772
196 0250797
196 0270288
196 0278504
196 0349903
196 0374569
196 0399295
196 0407887
196 0431197
196 0452624
196 0454792
196 0488120
196 0496806
196 0816711
196 0892255
196 0947798
196 0993846
196 1028532
196 1103982
196 1124035
196 1125849
196 1130080
196 1147682
196 1205537
196 1245492
196 1343092
196 1506999
196 1531663
196 1568346
196 1598778
196 1629757
196 2024469
196 2024544
196 2053463
196 2140373
196 2172934
196 2177771
196 2179136
196 2223990
196 2229499
196 2278388
196 2306745
196 4669986
197 0993846
197 1043726
198 0481499
198 0770828
198 1389096
198 1583421
198 1623205
198 1905041
198 2302755
199 8579674
200 0092067
200 0108550
200 0110413
200 0113824
200 0120265
200 1392214
200 4489416
200 5323662
200 6588966
200 7236034
201 0113101
202 1454468
202 2267998
202 3659388
203 3799694
203 4005402
204 0433035
204 3450958
204 5013056
205 1951264
206 0208092
206 0375063
206 0770828
206 0790724
206 0815241
206 0816711
206 0878804
206 0903624
206 0975645
206 1041829
206 1074638
206 1130884
206 1170358
206 1195478
206 1227378
206 1487118
206 1535108
206 1592525
206 1606378
206 1645170
206 1659337
206 1893256
206 1907668
206 2177843
206 2334879
206 2369135
206 2404311
207 1170358
208 1392214
208 1454468
209 0073486
209 0075314
209 0105323
209 0119114
209 0120620
209 0146838
209 0151804
209 0180093
209 0181875
209 0359950
209 0362270
209 0365748
209 0383028
209 0387564
209 0432283
209 0446029
209 0470752
209 0478970
209 0780536
209 0790636
209 0816692
209 0816711
209 0838221
209 1201167
209 1245492
209 1360860
209 1390411
209 1392190
209 1392214
209 1424432
209 1431045
209 1568346
209 1596363
209 1602620
209 1675192
209 1714915
209 1727388
209 1731141
209 1748122
209 1800241
209 1815862
209 1817273
209 1832382
209 1883180
209 1901040
209 1931533
209 1935179
209 1951261
209 1951264
209 1964418
209 1979320
209 2106476
209 2278388
209 2316411
209 2370248
209 2395427
209 2446980
209 2452254
209 2488496
209 2582846
209 2692904
209 2820852
209 2869728
209 2884018
209 3076658
209 3170832
209 4171032
209 5247022
210 0313737
210 0316396
210 0482629
210 0486822
210 0816711
210 1170358
210 1453405
210 1763303
210 2023587
210 2191701
210 2404463
211 3065204
212 0090728
212 0092948
212 0158983
212 0166276
212 0185937
212 0317303
212 0412019
212 0481499
212 0780536
212 1091722
212 1226681
212 1333125
212 1369706
212 1623288
212 1645170
212 1935896
212 2061822
212 2085910
212 2109184
212 2243537
212 2450186
213 1979320
214 1781922
214 2262315
214 3531824
214 3894312
214 4034228
214 4857264
214 5541240
215 0076759
215 0080684
215 0086190
215 0086393
215 0120915
215 0121765
215 0121766
215 0218043
215 0221027
215 0309698
215 0359950
215 0369610
215 0443272
215 0453562
215 0454876
215 0455944
215 0478970
215 0481499
215 0765429
215 0765446
215 0770828
215 0790628
215 0790636
215 0790724
215 0790736
215 0815241
215 0816442
215 0816692
215 0816711
215 0829150
215 0848537
215 0882977
215 0903624
215 0938330
215 0975645
215 0978764
215 0993846
215 1043726
215 1045658
215 1091191
215 1170358
215 1204975
215 1205537
215 1210819
215 1211956
215 1213663
215 1229340
215 1234719
215 1234721
215 1245492
215 1272878
215 1288558
215 1291150
215 1308729
215 1321511
215 1321870
215 1327773
215 1335975
215 1343092
215 1374992
215 1389137
215 1392190
215 1392214
215 1408101
215 1408253
215 1411250
215 1426329
215 1428538
215 1430132
215 1453405
215 1454468
215 1457767
215 1483013
215 1491044
215 1517260
215 1531901
215 1532958
215 1535108
215 1535109
215 1538403
215 1560747
215 1572315
215 1583421
215 1588173
215 1588398
215 1602613
215 1606378
215 1623205
215 1623288
215 1637688
215 1650554
215 1661382
215 1663662
215 1670345
215 1680045
215 1682180
215 1690953
215 1706620
215 1707386
215 1711425
215 1723121
215 1727388
215 1731141
215 1758830
215 1767382
215 1772341
215 1790864
215 1790885
215 1792647
215 1798709
215 1815862
215 1817273
215 1821694
215 1838603
215 1843866
215 1853728
215 1854564
215 1860353
215 1872181
215 1879032
215 1904996
215 1905041
215 1911644
215 1920849
215 1921064
215 1930546
215 1932767
215 1935179
215 1939659
215 1951264
215 1951265
215 1979320
215 1980209
215 1981115
215 1985966
215 1990314
215 1991245
215 2002718
215 2017020
215 2024432
215 2024544
215 2034139
215 2041488
215 2053463
215 2094018
215 2101341
215 2101441
215 2101570
215 2103281
215 2106361
215 2170439
215 2171867
215 2172934
215 2179136
215 2184339
215 2193265
215 2209764
215 2226417
215 2229499
215 2234155
215 2245084
215 2267998
215 2294629
215 2294677
215 2302755
215 2304771
215 2310332
215 2312718
215 2333784
215 2334873
215 2334879
215 2345112
215 2357129
215 2364841
215 2379713
215 2381249
215 2381941
215 2387433
215 2395427
215 2404311
215 2404463
215 2417650
215 2473682
215 2713180
215 2820852
215 2866346
215 2872732
215 3063516
215 3118706
215 3214002
216 0102685
216 0103064
216 0109830
216 0110912
216 0111161
216 0120586
216 0177971
216 0250224
216 0364725
216 0470752
216 0780548
216 0804463
216 0816692
216 0995851
216 1043726
216 1091191
216 1109624
216 1210819
216 1232829
216 1587310
216 1657510
216 1666801
216 1798709
216 1809398
216 1823664
216 1840309
216 1865545
216 1929263
216 1972779
216 2004420
216 2015381
216 2024469
216 2096672
216 2179136
216 2180411
216 2224026
216 2278388
216 2305051
216 2322441
216 2361184
216 2369135
216 2381941
216 2395427
216 2527186
216 2582846
216 2788710
216 2802144
216 2872718
216 2872732
216 3138376
216 3235888
216 3442006
216 3449040
217 4786282
218 1361318
218 1924435
218 1972571
218 2172584
218 2294449
218 2319580
218 2402157
218 2872732
218 2994190
218 3495000
219 0117381
219 0209144
219 1086772
219 1103153
219 1188996
219 1430612
219 1486834
219 1637688
219 1924435
219 2557490
219 2582846
219 2713180
219 2872718
219 2872732
219 2994190
220 5512872
221 0361748
221 0398286
222 7556122
222 9484998
223 2084970
224 0993846
224 1091191
224 1336608
224 1872194
224 1935179
224 2193215
224 2203939
224 2316411
224 2802144
225 1270797
226 1213641
226 1243974
226 1517451
226 1618434
226 1727824
226 1825683
226 1979376
226 2140507
226 2911666
226 3183660
226 3521164
226 3750872
226 3861390
226 4425200
226 4575576
226 4595882
226 4779682
226 5028340
226 5083738
226 5523010
226 5932728
226 6139732
226 6146586
226 6155172
226 6266538
226 6292852
226 6499752
226 6543652
226 6966692
226 7040874
226 7286456
226 7349662
226 7668870
226 7775622
226 8201170
226 9495224
227 0041300
227 0051207
227 2429870
228 0397101
229 15097216
230 0054953
230 0120863
231 0985699
232 0111161
232 0477302
232 1762300
233 4550098
234 0405159
234 4034228
234 7286456
235 0070666
235 0089530
235 0108550
235 0111512
235 0120188
235 0159273
235 0190138
235 0215750
235 0320661
235 0831387
235 1206543
235 1371111
235 1389137
235 1392190
235 2042568
235 2637294
235 3498820
236 1538403
237 3165608
238 0112471
239 2075373
239 2294965
240 6423362
241 1663202
241 2582802
242 0050083
242 0070735
242 0110912
242 0112471
242 0119174
242 0139654
242 0209144
242 1291584
242 1458175
242 1723121
242 1800241
242 1951264
243 0081748
244 1800241
245 0095250
246 0074937
246 0120338
246 0206634
246 0395169
246 0787442
246 0816442
246 1767354
246 1928340
246 1990217
246 2258281
246 2480784
247 0056592
247 0993846
247 1798709
247 2193215
248 1483013
248 2361509
249 0047396
249 0086879
249 0087843
249 0095765
249 0097937
249 0106977
249 0112471
249 0114814
249 0116282
249 0118799
249 0118884
249 0134119
249 0180093
249 0217869
249 0253474
249 0266697
249 0278504
249 0361748
249 0378194
249 0443706
249 0477348
249 1270797
249 1285016
249 1302006
249 1345836
249 1375666
249 1431045
249 1596363
249 1663202
249 1853728
249 1856101
249 1950186
249 1972591
249 2119532
249 2140479
249 2250912
249 2543164
249 2582802
249 3065204
249 3385516
249 3450958
249 3460252
249 3783958
249 3890160
249 4154756
249 4630562
249 4649466
249 4925292
249 5013056
249 5027774
249 5715874
249 6294822
249 7131622
249 7286456
249 8579674
250 1431045
251 0076759
251 0111161
251 0266697
251 0365545
251 0448115
251 0490215
251 0918940
251 0974015
251 1072748
251 1211837
251 1212428
251 1213641
251 1270797
251 1289401
251 1355631
251 1355644
251 1396484
251 1413492
251 1477834
251 1485796
251 1488606
251 1502407
251 1517451
251 1536537
251 1590193
251 1677720
251 1690967
251 1712192
251 1727824
251 1730768
251 1753383
251 1781827
251 1800302
251 1825683
251 1856101
251 1860242
251 1860357
251 1878870
251 1959563
251 1961175
251 1972591
251 1979376
251 2066051
251 2072233
251 2094766
251 2119532
251 2140479
251 2231461
251 2250912
251 2283362
251 2316204
251 2380307
251 2396589
251 2404435
251 2481498
251 2527336
251 2543164
251 2543472
251 2548396
251 2582502
251 2582782
251 2671706
251 2704998
251 2737304
251 2854926
251 2873282
251 2948356
251 3014866
251 3065204
251 3104988
251 3152624
251 3183660
251 3263904
251 3315342
251 3393786
251 3402236
251 3416532
251 3450958
251 3499096
251 3522806
251 3531824
251 3532216
251 3553976
251 3631112
251 3647498
251 3691740
251 3741834
251 3748172
251 3748528
251 3766354
251 3774114
251 3778644
251 3783958
251 3799694
251 3829920
251 3860916
251 3884528
251 3890160
251 3967856
251 4034228
251 4052882
251 4154756
251 4154796
251 4160708
251 4196450
251 4209788
251 4218572
251 4302938
251 4481414
251 4550098
251 4555426
251 4572514
251 4622512
251 4701182
251 4731136
251 4846340
251 4857264
251 4881806
251 4912910
251 4972582
251 4975722
251 5013056
251 5027774
251 5052474
251 5095030
251 5109784
251 5117670
251 5140878
251 5294550
251 5362988
251 5390504
251 5439796
251 5461944
251 5503686
251 5541848
251 5580036
251 5580390
251 5638642
251 5657856
251 5700672
251 5719748
251 5726616
251 5814060
251 5862312
251 6060156
251 6113488
251 6139732
251 6146586
251 6155172
251 6214928
251 6294822
251 6320628
251 6333060
251 6343314
251 6499752
251 6644200
251 6679794
251 6751668
251 6823368
251 6857112
251 6966692
251 7083526
251 7131622
251 7280898
251 7286456
251 7349662
251 7388562
251 7489816
251 7533152
251 7668870
251 7768848
251 7784604
251 7959026
251 8404614
251 8579674
251 9243946
251 9412098
252 2270168
253 3608654
254 0037515
254 0060315
254 0105236
254 0117060
254 0118880
254 0120755
254 0159273
254 0200465
254 0317740
254 0361748
254 0424993
254 0434409
254 0478970
254 0493464
254 0830515
254 0840361
254 0884328
254 0913354
254 0936501
254 1074638
254 1211956
254 1258197
254 1375666
254 1389137
254 1397280
254 1401152
254 1431045
254 1535108
254 1542344
254 1568338
254 1638355
254 1679335
254 1850397
254 1911644
254 1937149
254 2103281
254 2119532
254 2140479
254 2184339
254 2244947
254 2302755
254 2334879
254 2338151
254 2379713
254 2396589
254 2446042
254 2674426
254 2802144
254 2975578
254 3183660
254 3300542
254 3402236
254 3576352
254 3659388
254 3682448
254 3741834
254 3881784
254 3882082
254 4094724
254 4581576
254 4943322
254 4972582
254 5022702
254 5109784
254 5133308
254 5311514
254 6320628
254 6788942
255 0120917
255 0280707
255 0315327
255 0444653
255 0481369
255 0770828
255 1045772
255 1067106
255 1068680
255 1227378
255 1245492
255 1259521
255 1272878
255 1280011
255 1285016
255 1291580
255 1482459
255 1528734
255 1564367
255 1650554
255 2184339
256 2488496
257 3521164
258 0052357
258 0110632
258 0112641
258 0208092
258 0257044
258 0396171
258 0765429
258 0780504
258 1172049
258 1431045
258 1528854
258 1570728
258 1675434
258 1723811
258 1878870
258 1951266
258 2140479
258 2184339
258 2229499
258 2452200
258 2679042
258 2975590
258 3065204
258 3110958
258 3268668
258 3385516
258 3631112
258 3799694
258 4094724
258 4160708
258 4824302
258 5186714
259 1981115
260 4172430
261 0100802
261 10016180
261 10059518
261 10183816
261 10272386
261 11083552
261 11390036
261 1959563
261 1981128
261 2872718
261 3907584
261 4244994
261 4761112
261 5109280
261 6902332
261 7097896
261 7638348
261 7888964
261 8847712
261 9608818
262 10303324
263 0317248
263 0470752
263 0780511
263 1398426
263 2267998
263 3079380
264 0104549
264 0114814
264 0340163
264 0360486
264 1045658
264 1276104
264 1374992
264 1535108
264 1596365
264 1663662
264 1670345
264 1869716
264 2267998
264 2278388
264 2465578
264 2889050
264 3296204
264 3374966
265 0816711
265 1245492
265 2357129
266 0088847
266 0109830
266 0451279
266 3501632
266 3896198
266 5109784
266 6908274
267 1454468
268 0169547
268 1270797
268 1502407
268 1853728
268 2119543
268 2545118
268 2568862
268 2798920
268 3606756
268 3829266
268 4154756
268 4779682
268 4912910
269 0120873
269 0266489
269 0272020
269 0369339
269 0381061
269 0433035
269 0482571
269 0490204
269 0803096
269 1032755
269 1179933
269 1293847
269 1343727
269 1390411
269 1431045
269 1586752
269 1592525
269 1596363
269 1605783
269 1637688
269 1645155
269 1663202
269 1798684
269 1825157
269 2006295
269 2057392
269 2140479
269 2223990
269 2241351
269 2250912
269 2361509
269 2379713
269 2503944
269 2674426
269 2869728
269 2883434
269 2948356
269 2975590
269 3014866
269 3040964
269 3076658
269 3077214
269 3149038
269 3315342
269 3385516
269 3498820
269 3553976
269 3652862
269 3700392
269 3746298
269 3799694
269 3874544
269 4178092
269 4287320
269 4382872
269 4425200
269 5013056
269 5052448
270 0111161
271 1582465
272 2543164
272 3315342
273 0044079
273 0078718
273 0085794
273 0086879
273 0109424
273 0117381
273 0118971
273 0251160
273 0375679
273 0424136
273 0426931
273 0438315
273 0460740
273 0756683
273 1083452
273 1135503
273 1392190
273 1638355
273 1663202
273 1675434
273 1809398
273 1823672
273 1860357
273 1931533
273 2005151
273 2006295
273 2140479
273 2322441
273 2379713
273 2381941
273 2591814
273 2674426
273 2802144
273 2884206
273 3076658
273 3170832
273 3397884
273 3460252
273 3488710
273 3498820
273 3569230
273 3631112
273 3659388
273 3682448
273 3774114
273 3783958
273 3799694
273 4034228
273 4178092
273 4513674
273 4550098
273 4897822
273 5052448
273 5517438
274 3890160
275 0098635
275 0111161
275 0112471
275 0137523
275 0169547
275 0243155
275 0317198
275 0381681
275 0388125
275 0443465
275 0454921
275 0756683
275 0758758
275 0803096
275 0814314
275 0831387
275 0882977
275 0914798
275 1041829
275 1065073
275 1142988
275 1198156
275 1355630
275 1386697
275 1587310
275 1638002
275 1655441
275 1666801
275 1675434
275 1872181
275 1972779
275 2034031
275 2064968
275 2084970
275 2199571
275 2203939
275 2209418
275 2241351
275 2245084
275 2338151
275 2381941
275 2543472
275 2582496
275 2582802
275 2667918
275 2674426
275 2692250
275 2802144
275 2870808
275 2884206
275 2933474
275 2994190
275 3322364
275 3741834
275 4052882
275 4061010
275 4481414
275 4651520
275 4846340
276 0074896
276 0099077
276 10431500
276 1598778
276 3127022
276 5027774
276 5774060
276 7772582
276 8228288
277 0083907
278 2267998
279 0068918
279 0089695
279 0092005
279 0107711
279 0139151
279 0162650
279 0189377
279 0298203
279 0337741
279 0398712
279 0402910
279 0458413
279 0499097
279 10016180
279 10228134
279 10342730
279 1038919
279 10515988
279 10661710
279 11083552
279 11388416
279 1161864
279 11762434
279 11790780
279 12064810
279 12383460
279 12808182
279 12939812
279 12982370
279 13470094
279 1386932
279 14199590
279 14318430
279 1488555
279 15842076
279 16058736
279 1711525
279 1795702
279 1830586
279 2076298
279 2081437
279 2888046
279 3263946
279 3420504
279 3758814
279 4463894
279 5034838
279 5144174
279 5420210
279 5433138
279 5566936
279 5706370
279 5748448
279 6111574
279 6341832
279 6405058
279 6654210
279 6802400
279 6803212
279 6857376
279 6902332
279 6908274
279 7262882
279 7584702
279 7888964
279 7991608
279 8228288
279 8332922
279 8385148
279 8633478
279 8688634
279 9139586
279 9203694
279 9340860
279 9421570
279 9585676
279 9777666
279 9893250
280 0109830
280 0120689
280 0132477
280 0217869
280 0238380
280 0257044
280 0359950
280 0365907
280 0434409
280 0435651
280 0437086
280 0443706
280 0448115
280 0455944
280 0478970
280 0482571
280 0498381
280 0770828
280 0787524
280 0810819
280 0816692
280 0848537
280 0918940
280 0993846
280 1082807
280 1083452
280 1091191
280 1131724
280 1172049
280 1179933
280 1205537
280 1210819
280 1211837
280 1211956
280 1213641
280 1219827
280 1234721
280 1267297
280 1272878
280 1291150
280 1291570
280 1293847
280 1300854
280 1302006
280 1343092
280 1355630
280 1355644
280 1374989
280 1386697
280 1390411
280 1392190
280 1392214
280 1431045
280 1457767
280 1458169
280 1483013
280 1485796
280 1502397
280 1540011
280 1590193
280 1596345
280 1618442
280 1620935
280 1623205
280 1638355
280 1648190
280 1655441
280 1661382
280 1663207
280 1670345
280 1690953
280 1712261
280 1718924
280 1723121
280 1726592
280 1727770
280 1730768
280 1741273
280 1758595
280 1790864
280 1798684
280 1800241
280 1809398
280 1817273
280 1823672
280 1837562
280 1840309
280 1840417
280 1843866
280 1860357
280 1872194
280 1877832
280 1895587
280 1904996
280 1905041
280 1935859
280 1937149
280 1950186
280 1951264
280 1951266
280 1959563
280 1964418
280 1979320
280 1981115
280 1995390
280 2005151
280 2006295
280 2015381
280 2017020
280 2024469
280 2024544
280 2025690
280 2032572
280 2034800
280 2053463
280 2057392
280 2058673
280 2072233
280 2078718
280 2084970
280 2094766
280 2095649
280 2103281
280 2119532
280 2126235
280 2126355
280 2140479
280 2179136
280 2184339
280 2194499
280 2209764
280 2238032
280 2241351
280 2245003
280 2250912
280 2277860
280 2294629
280 2302755
280 2304933
280 2316204
280 2326612
280 2334879
280 2339741
280 2343793
280 2345759
280 2361317
280 2361509
280 2379713
280 2380307
280 2381111
280 2381249
280 2387559
280 2395427
280 2397535
280 2398241
280 2400463
280 2401807
280 2402157
280 2404435
280 2406566
280 2446042
280 2446980
280 2461150
280 2461520
280 2503944
280 2543164
280 2543472
280 2547584
280 2567026
280 2568862
280 2582502
280 2592614
280 2674426
280 2679042
280 2679552
280 2709768
280 2713180
280 2737304
280 2782844
280 2784936
280 2820852
280 2869728
280 2872732
280 2873282
280 2910904
280 2938956
280 2948356
280 2975578
280 2975590
280 2978102
280 2980210
280 2980516
280 2980648
280 3007512
280 3014866
280 3042408
280 3045616
280 3062096
280 3065132
280 3065204
280 3068194
280 3076658
280 3100274
280 3110958
280 3170832
280 3183660
280 3203606
280 3216348
280 3263904
280 3300542
280 3315342
280 3322364
280 3371366
280 3385516
280 3393786
280 3401882
280 3402236
280 3410834
280 3416532
280 3450958
280 3460252
280 3462710
280 3498820
280 3499096
280 3522806
280 3531824
280 3569230
280 3606756
280 3622110
280 3622592
280 3631112
280 3640424
280 3647498
280 3682448
280 3687310
280 3687398
280 3691740
280 3702652
280 3715320
280 3717252
280 3731562
280 3733774
280 3741834
280 3774114
280 3783958
280 3799694
280 3874544
280 3882082
280 3890160
280 3896198
280 3963816
280 3976144
280 4005402
280 4019560
280 4061010
280 4085238
280 4158096
280 4196776
280 4209788
280 4218572
280 4263482
280 4276820
280 4287320
280 4342506
280 4361050
280 4382872
280 4425200
280 4481414
280 4550098
280 4572514
280 4581576
280 4630562
280 4649466
280 4651410
280 4682786
280 4781612
280 4786282
280 4824302
280 4846340
280 4857264
280 4881806
280 4972582
280 5001718
280 5013056
280 5052448
280 5095030
280 5140878
280 5177088
280 5311514
280 5323662
280 5362988
280 5442430
280 5460530
280 5540992
280 5680626
280 5719748
280 5814534
280 5884052
280 5884234
280 6320628
280 6394270
280 6565702
280 6644200
280 6751668
280 6823368
280 6850820
280 6908274
280 7131622
280 7286456
280 7339826
280 7713068
280 8364368
280 8946378
280 9243946
281 0816692
281 1837709
281 2582846
282 2660888
282 2948356
282 3312830
282 3553976
283 2994190
284 1343092
285 2184339
286 2528814
287 0075213
288 1905041
289 2974050
290 0780504
290 0790724
290 1300854
290 1675434
290 2191400
291 0054698
291 0083791
291 0105265
291 0107282
291 0112722
291 0119081
291 0119643
291 0120832
291 0145681
291 0257044
291 0298814
291 0345061
291 0360486
291 0360556
291 0387808
291 0393109
291 0421054
291 0437086
291 0448115
291 0448134
291 0477348
291 0495596
291 1095217
291 1270797
291 1374989
291 1477834
291 1488606
291 1571234
291 1620680
291 1727824
291 1935156
291 1974419
291 1981128
291 2274648
291 2283336
291 2378507
291 2527338
291 2677722
291 2831414
291 2911666
291 3168230
291 3256226
291 3606756
291 3799694
291 4052882
291 4123430
291 4139588
291 4154664
291 4154756
291 4154796
291 4209788
291 4385888
291 4425200
291 4633694
291 4835086
291 4881806
291 4975722
291 5177088
291 5362988
291 5742374
291 5834262
291 5848272
291 5865326
291 5884052
291 6146586
291 6336356
291 6343314
291 6450804
291 6481130
291 6483364
291 6499752
291 6565702
291 6738136
291 6811018
291 6823368
291 6850820
291 7043012
291 7125860
291 7131622
291 8743064
291 8946378
292 6394270
293 2101569
294 0022100
294 0028950
294 0048280
294 0061722
294 0088847
294 0119177
294 0380485
294 0404978
294 0838221
294 1100089
294 1109624
294 1708135
294 1726592
294 1809398
294 1972571
294 1980929
294 2039393
294 2179136
294 2235108
294 2245171
294 2304915
294 2309788
294 2310332
294 2404425
294 2562232
294 2582846
294 2717860
294 2726560
294 2802144
294 2882590
294 3062976
294 3152624
294 3547106
